# MODIS Aqua GEOGRAPHIC METADATA TEXT FILE day 2024-04-09
# NFiles = 211, max geo IngestTime = 2024-04-09 18:28:44.484318
# GranuleID,StartDateTime,ArchiveSet,OrbitNumber,DayNightFlag,EastBoundingCoord,NorthBoundingCoord,SouthBoundingCoord,WestBoundingCoord,GRingLongitude1,GRingLongitude2,GRingLongitude3,GRingLongitude4,GRingLatitude1,GRingLatitude2,GRingLatitude3,GRingLatitude4
MYD03.A2024100.0000.061.2024100015258.NRT.hdf,2024-04-09 00:00,61,116706,N,45.1490008796772,21.2268554540958,0.211436580689419,20.1705935717801,23.3381907786502,45.1544856801241,40.7410224077032,20.1538522505155,21.2584381049043,18.0353780965697,0.197448084446013,3.16813994052955
MYD03.A2024100.0005.061.2024100015241.NRT.hdf,2024-04-09 00:05,61,116706,N,40.6527141854223,3.30548098041582,-17.689682348018,15.8573160358536,20.126478116876,40.7316071416344,37.2596776500967,15.8505897465801,3.33051316357238,0.272607105754546,-17.7667726535379,-14.5375309006615
MYD03.A2024100.0010.061.2024100015151.NRT.hdf,2024-04-09 00:10,61,116706,N,37.2774226342457,-14.4663407594107,-35.620303213146,9.7237505581086,15.8421673264266,37.5285916685719,34.6917501501886,9.71595952152081,-14.4469377773327,-17.6417551112849,-35.828240115313,-31.9448202339265
MYD03.A2024100.0015.061.2024100015233.NRT.hdf,2024-04-09 00:15,61,116706,N,34.7242002657355,-31.8722656123583,-53.4950219987542,-0.135871867154929,9.74707661974933,35.1600651824268,33.1057217398135,-0.271627395487139,-31.8595530423333,-35.5604853369501,-53.8150668516099,-48.5653939781302
MYD03.A2024100.0020.061.2024100015753.NRT.hdf,2024-04-09 00:20,61,116706,N,34.1350037735699,-48.5430002561531,-71.3483696955266,-19.8269104325185,-0.0837177002220839,33.7794807922598,34.1522296625544,-20.1581466887516,-48.5354306210122,-53.4139898371042,-71.6630507904632,-63.1326947201761
MYD03.A2024100.0025.061.2024100020929.NRT.hdf,2024-04-09 00:25,61,116706,N,96.3078436557718,-63.2280200968511,-89.2071844298501,-63.6357946178065,-19.7022888593183,35.2073840915337,105.986830850473,-63.6609633989647,-63.223855841604,-71.1418115477455,-87.5717666330364,-70.6262771686477
MYD03.A2024100.0030.061.2024100020849.NRT.hdf,2024-04-09 00:30,61,116706,B,180,-64.3942628510965,-89.9876801783588,-180,-63.4050777521154,97.1708621838957,-166.701699530885,-109.128759244556,-70.9873420251764,-87.0415899775803,-72.3633147600219,-64.1116376098404
MYD03.A2024100.0035.061.2024100015530.NRT.hdf,2024-04-09 00:35,61,116706,D,-109.616259480229,-49.9663861547966,-72.9817378911643,-166.971171907123,-109.614488450848,-167.825713292631,-165.317663353168,-130.363291792385,-64.4470780437561,-72.8507040217679,-54.5680513094977,-49.7590100579945
MYD03.A2024100.0040.061.2024100015140.NRT.hdf,2024-04-09 00:40,61,116706,D,-130.96956863896,-33.3943088984358,-55.0363236114543,-166.798957785408,-130.967911939072,-165.621575017914,-166.813817138729,-140.870216095486,-50.0355843282619,-55.0484045739932,-36.7865400871518,-33.2671324100009
MYD03.A2024100.0045.061.2024100015319.NRT.hdf,2024-04-09 00:45,61,116706,D,-141.358905433222,-16.0156788793279,-37.1587143980666,-169.281585408858,-141.35478147079,-166.907053907615,-169.305460378047,-147.347992031475,-33.4646841581293,-37.1804511863441,-18.9706275354048,-15.9471236462489
MYD03.A2024100.0050.061.2024100015143.NRT.hdf,2024-04-09 00:50,61,116706,D,-147.687592732841,1.73567126325053,-19.224143852176,-172.584074262639,-147.681976341168,-169.302272599046,-172.597721045162,-151.955842446181,-16.0880171508992,-19.2456199320406,-1.18668637819612,1.7625137841386
MYD03.A2024100.0055.061.2024100015447.NRT.hdf,2024-04-09 00:55,61,116706,D,-152.140865967504,19.6576820260777,-1.30495231762611,-176.980883556537,-152.134279086344,-172.577417493413,-177.018454034634,-155.531445453534,1.6657478196539,-1.32346281298321,16.5373407502407,19.7496707163093
MYD03.A2024100.0100.061.2024100015201.NRT.hdf,2024-04-09 01:00,61,116706,D,-155.566355127005,37.6320010749473,16.474263644099,176.716264031096,-155.334859581453,-176.963009699484,176.602238389788,-158.134909762411,19.6043294156454,16.4532447367772,33.9474176851558,37.8427252505646
MYD03.A2024100.0105.061.2024100015624.NRT.hdf,2024-04-09 01:05,61,116707,D,-158.101483898178,55.5754804584662,33.9090981209829,166.253974130065,-157.720565879578,176.73985582215,166.005531074071,-159.758759260384,37.573244483864,33.8970621150246,50.5404446507221,55.8991748135087
MYD03.A2024100.0110.061.2024100031948.NRT.hdf,2024-04-09 01:10,61,116707,D,-158.397077383328,73.5070308885677,50.5593096698066,144.54685102628,-159.055457069063,166.309358962986,144.094093431707,-158.364719763874,55.4946059873983,50.5525476603295,64.8082438378415,73.8173674392465
MYD03.A2024100.0115.061.2024100033858.NRT.hdf,2024-04-09 01:15,61,116707,D,180,89.9934898520092,64.9772006793472,-180,-157.118601203868,144.662138337384,96.9299102837416,-37.8271259161723,73.2978989181281,64.9764779686839,70.8885243388069,87.1037894361356
MYD03.A2024100.0120.061.2024100033619.NRT.hdf,2024-04-09 01:20,61,116707,B,97.0553643990632,88.5983182774311,62.9373173741564,-46.7962356282002,-50.5093937621517,97.0571763737567,54.2036414537954,2.29511398470149,87.0875935224113,71.2222301046591,62.6608973841445,70.1034172989367
MYD03.A2024100.0125.061.2024100033000.NRT.hdf,2024-04-09 01:25,61,116707,N,53.6460208648094,70.6576133792203,47.8830112143803,2.1115543867906,1.22793602086102,53.647706359635,35.1033474387095,2.56550846207623,70.5823449073632,62.9891487476455,47.7122154540338,52.1996958175565
MYD03.A2024100.0130.061.2024100032817.NRT.hdf,2024-04-09 01:30,61,116707,N,34.5809545692423,52.6457241630116,31.0547648762042,0.762747377489284,2.21142274410116,34.5841968448606,25.4797376184067,0.743285586787409,52.6613727093821,47.9474807937051,30.9574453944278,34.3485026151527
MYD03.A2024100.0135.061.2024100032643.NRT.hdf,2024-04-09 01:35,61,116707,N,25.0958608287772,34.7032964684507,13.5516285089419,-1.96650280218788,0.537642530216952,25.1004023890843,19.4334496954987,-1.98991578308164,34.7296047261333,31.1245837076593,13.5063221910379,16.5091904136229
MYD03.A2024100.0140.061.2024100032904.NRT.hdf,2024-04-09 01:40,61,116707,N,19.2056709883146,16.7407177132299,-4.25385260339866,-5.49256371915055,-2.08553595728718,19.2118080536359,15.0903011274362,-5.50370014386781,16.7722102985877,13.6206221374504,-4.2630861807677,-1.25678838860228
MYD03.A2024100.0145.061.2024100032807.NRT.hdf,2024-04-09 01:45,61,116707,N,15.0262890309199,-1.15384091528508,-22.1733059592553,-10.17298589667,-5.54009241882707,15.1549955773285,11.854083232282,-10.1798013865031,-1.1261458718103,-4.19799728763773,-22.2793384493189,-18.9245871311491
MYD03.A2024100.0150.061.2024100032748.NRT.hdf,2024-04-09 01:50,61,116707,N,11.8769509067663,-18.8551232693916,-40.0950824977222,-16.9465942094364,-10.1557267565641,12.1723075678143,9.494451634734,-16.9802354441494,-18.8394322182577,-22.1231332357066,-40.3310038774031,-36.1975364584059
MYD03.A2024100.0155.061.2024100032754.NRT.hdf,2024-04-09 01:55,61,116707,N,9.53015260253269,-36.1327307105778,-57.9547998129347,-28.4040545319913,-16.9187532457225,10.0182081652758,8.28427039842596,-28.5856992650951,-36.1211955063602,-40.0308834223874,-58.2931132438844,-52.4920530549441
MYD03.A2024100.0200.061.2024100033220.NRT.hdf,2024-04-09 02:00,61,116707,N,10.9988451317984,-52.4905023233511,-75.8126491936443,-52.6551801699762,-28.3407249409645,8.96738171657753,11.1080491786149,-53.0106361235772,-52.4843425195877,-57.8615646670627,-76.0829382335675,-66.0256157814894
MYD03.A2024100.0205.061.2024100035031.NRT.hdf,2024-04-09 02:05,61,116707,N,180,-66.1715843790535,-89.988582814862,-180,-52.4916609767464,12.4800944168297,148.245514644889,-101.886637067131,-66.166772202507,-75.5271046019661,-85.2322532981708,-70.272967754504
MYD03.A2024100.0210.061.2024100033545.NRT.hdf,2024-04-09 02:10,61,116707,B,-101.889016099342,-61.1937711461783,-86.3776746155291,144.456699770412,-101.887099936521,140.605615624117,169.577656198072,-140.802883570423,-70.637822291517,-85.439583426523,-67.9545436698704,-60.9126757508151
MYD03.A2024100.0215.061.2024100033121.NRT.hdf,2024-04-09 02:15,61,116707,D,-141.401471132511,-45.9431724692791,-68.5161177537484,169.419836823511,-141.399883530859,168.795691594435,169.755174083388,-158.284605556256,-61.2531169814667,-68.4466438979155,-50.1271050848822,-45.7580336036416
MYD03.A2024100.0220.061.2024100032910.NRT.hdf,2024-04-09 02:20,61,116707,D,-158.865771913119,-29.1014298899646,-50.5753565648288,167.972275822584,-158.863420242759,169.527396239591,167.952913736028,-167.431230897357,-46.0135899087656,-50.5915379675252,-32.3338252141545,-28.9905558767847
MYD03.A2024100.0225.061.2024100032709.NRT.hdf,2024-04-09 02:25,61,116707,D,-167.884979432079,-11.6024550208058,-32.6780485413555,165.286649835942,-167.880416583529,167.889261845712,165.263714241631,-173.318251275824,-29.1717686996015,-32.700426334564,-14.5181688336998,-11.5458838799975
MYD03.A2024100.0230.061.2024100032707.NRT.hdf,2024-04-09 02:30,61,116707,D,-173.619655692754,6.20695442737746,-14.7389453173462,161.751784151312,-173.613759678099,165.281531710933,161.743455174691,-177.613753917551,-11.6748371796591,-14.7593086655947,3.24333364099511,6.2257641346797
MYD03.A2024100.0235.061.2024100033236.NRT.hdf,2024-04-09 02:35,61,116707,D,-177.756006366933,24.1543232678224,3.15922597436579,156.985542134729,-177.708634923612,161.759758938706,156.932147311291,179.053375434779,6.14222941496354,3.14121667265778,20.9346819667706,24.2748622583734
MYD03.A2024100.0240.061.2024100032835.NRT.hdf,2024-04-09 02:40,61,116708,D,179.077646115498,42.1227536736238,20.8761030983205,149.951591545857,179.307500605698,157.004078518992,149.810512569073,176.657610207129,24.0972140382798,20.8610612881709,38.2011650657503,42.3679994126215
MYD03.A2024100.0245.061.2024100033019.NRT.hdf,2024-04-09 02:45,61,116708,D,176.695189906014,60.0559320235959,38.1728578200147,137.680249990937,177.134278523304,149.979465549812,137.388219124455,175.424566612672,42.0605584083099,38.1620953772252,54.4366737661731,60.3959217069839
MYD03.A2024100.0250.061.2024100045458.NRT.hdf,2024-04-09 02:50,61,116708,D,179.078534795527,77.9922661526128,54.478816067112,110.679829638562,176.222257487963,137.747881963414,110.269073781505,179.245907117895,59.9613414366334,54.4734850057967,67.4944522488267,78.2481580261462
MYD03.A2024100.0255.061.2024100051017.NRT.hdf,2024-04-09 02:55,61,116708,D,180,89.9929781995916,67.7014069476328,-180,-179.253465785567,110.830748164951,58.8720650437545,-33.0541235756669,77.6964302438701,67.7006770084617,69.9883957859141,83.2661375272643
MYD03.A2024100.0300.061.2024100050625.NRT.hdf,2024-04-09 03:00,61,116708,B,58.7278131385218,84.1134443302576,59.5117819369894,-34.8080292769382,-37.5759327649706,58.7298376754866,23.2278864014083,-21.8791340770897,83.6269887141222,70.3571393580187,59.2660649268648,65.6592947928737
MYD03.A2024100.0305.061.2024100050356.NRT.hdf,2024-04-09 03:05,61,116708,N,22.6530614832862,66.1747217031228,43.7836510189238,-22.4749870484952,-22.6934158441264,22.6545627280391,7.48181659912061,-22.4731989305176,66.1401364635959,59.5690009677193,43.6264455149854,47.7407230180131
MYD03.A2024100.0310.061.2024100045830.NRT.hdf,2024-04-09 03:10,61,116708,N,6.96773453708803,48.1654777942274,26.722302231077,-24.5527686085123,-22.7903204249429,6.98277787253037,-0.954166598761507,-24.5744626145152,48.1865669356013,43.8453431636177,26.6407833260957,29.8844710016536
MYD03.A2024100.0315.061.2024100045910.NRT.hdf,2024-04-09 03:15,61,116708,N,-1.29605096383827,30.2137636033342,9.11965940278996,-27.45553802122,-24.7324035072214,-1.29124717811609,-6.46258302385115,-27.4777701146355,30.2431768693591,26.7924239407395,9.08503663985838,12.055685694089
MYD03.A2024100.0320.061.2024100045950.NRT.hdf,2024-04-09 03:20,61,116708,N,-6.64912144469242,12.256647641913,-8.72959754586107,-31.2170563273502,-27.5510410311422,-6.64228911964579,-10.5139901002506,-31.2230351500999,12.2880238173541,9.18898276906266,-8.73529424894281,-5.67759248436727
MYD03.A2024100.0325.061.2024100045855.NRT.hdf,2024-04-09 03:25,61,116708,N,-10.5250106919259,-5.60419089175574,-26.6575976750514,-36.2975333904877,-31.2457682854592,-10.3609297899336,-13.5034831259642,-36.3045973425521,-5.57994007050612,-8.6759109261136,-26.7978881321924,-23.2968290273352
MYD03.A2024100.0330.061.2024100045833.NRT.hdf,2024-04-09 03:30,61,116708,N,-13.4753086120886,-23.2275476763063,-44.5680788615156,-43.8870327725143,-36.2777532810537,-13.1348714609533,-15.6390466354586,-43.950036160452,-23.2127742075383,-26.6056965092956,-44.8337412775884,-40.3975861799774
MYD03.A2024100.0335.061.2024100050011.NRT.hdf,2024-04-09 03:35,61,116708,N,-15.6009087956545,-40.342428293957,-62.4194832078666,-57.4021850154581,-43.8539990314567,-15.0559542793806,-16.3480863610694,-57.6343281844323,-40.3321054437448,-44.4985129752201,-62.763700351303,-56.2705218128655
MYD03.A2024100.0340.061.2024100050222.NRT.hdf,2024-04-09 03:40,61,116708,N,-9.82656999635466,-56.295353835624,-80.2791563055995,-87.4237256244264,-57.3243812891593,-15.522202134248,-9.43196645543338,-87.7547414952257,-56.2906139794954,-62.3008748559691,-80.4442844766252,-68.3676567712977
MYD03.A2024100.0345.061.2024100051115.NRT.hdf,2024-04-09 03:45,61,116708,N,180,-68.5736797916349,-89.9914959248758,-180,-87.2301427559658,-7.99640233677063,137.522933608332,-139.056917120982,-68.5718369565585,-79.8555839644316,-81.0982726345037,-68.950760079737
MYD03.A2024100.0350.061.2024100050440.NRT.hdf,2024-04-09 03:50,61,116708,B,-139.307097365911,-57.6779093049401,-81.9103850722986,136.40333987331,-139.305082692464,134.192084436418,145.311819158872,-171.179502129125,-69.3285054512098,-81.4920986737028,-63.5280589397116,-57.4233932264619
MYD03.A2024100.0355.061.2024100050105.NRT.hdf,2024-04-09 03:55,61,116708,D,-171.798034085254,-41.9155726255591,-64.0483365863824,144.734059149539,-171.796617436557,144.756566631208,144.732988262124,174.312527467784,-57.7419654574363,-64.0200071702613,-45.7715529088684,-41.7442498585283
MYD03.A2024100.0400.061.2024100045946.NRT.hdf,2024-04-09 04:00,61,116708,D,173.725950696289,-24.7679457427543,-46.1939309090896,142.690317865984,173.746309478618,144.555861098075,142.667154398934,166.18559665022,-41.9813818184604,-46.2152505080853,-27.8747077578241,-24.6751524277078
MYD03.A2024100.0405.061.2024100045919.NRT.hdf,2024-04-09 04:05,61,116708,D,165.780648339248,-7.16897125770482,-28.1923216317993,139.801320689707,165.785608864435,142.626092827063,139.780476587948,160.806819869684,-24.8382521350344,-28.2148355475839,-10.0677650781714,-7.12345247226498
MYD03.A2024100.0410.061.2024100045848.NRT.hdf,2024-04-09 04:10,61,116708,D,160.54523544396,10.6874538779139,-10.2545974182319,136.012812450868,160.551386506554,139.809669861934,136.004648137448,156.782773097783,-7.24129253451464,-10.2736115616064,7.68311969548384,10.7189991849517
MYD03.A2024100.0415.061.2024100045922.NRT.hdf,2024-04-09 04:15,61,116708,D,156.688826393992,28.6488959209564,7.61364145694949,130.816419241398,156.781204556524,136.022158047227,130.74583091326,153.69247194377,10.6271265867356,7.59620786971359,25.3068465176448,28.8018389449926
MYD03.A2024100.0420.061.2024100050001.NRT.hdf,2024-04-09 04:20,61,116709,D,153.721785370865,46.6107124598518,25.2536045200739,122.887218688342,153.998820916731,130.837734190699,122.713385920066,151.517259590441,28.5912228211823,25.239512984689,42.3961361870419,46.884029479277
MYD03.A2024100.0425.061.2024100063938.NRT.hdf,2024-04-09 04:25,61,116709,D,151.557578231418,64.5392782658363,42.3803953825306,108.279143919588,152.053386755204,122.919450845147,107.927272258405,150.808308131042,46.5442501985672,42.3709403589434,58.1617517421536,64.8839895761354
MYD03.A2024100.0430.061.2024100064903.NRT.hdf,2024-04-09 04:30,61,116709,D,159.744313621685,82.4781566672034,58.2371408119697,74.7369212217365,151.732303141149,108.359547575036,74.4209792336222,160.393531097144,64.420210745097,58.2331544681436,69.5347836918198,82.605897930943
MYD03.A2024100.0435.061.2024100065425.NRT.hdf,2024-04-09 04:35,61,116709,D,180,89.9923787256409,68.530881943309,-180,161.854789677923,74.9264131879312,22.4207539999937,-50.6533082750614,82.023702271208,69.7902083199973,68.191790506462,78.9497663761945
MYD03.A2024100.0440.061.2024100064934.NRT.hdf,2024-04-09 04:40,61,116709,B,22.0475993139253,79.6276691653886,55.8315375644047,-51.3082555595015,-53.0337192243558,22.0501614152047,-6.56401133918131,-46.3905471643327,79.3846001674875,68.5679724584371,55.6167127789742,61.2104038192315
MYD03.A2024100.0445.061.2024100064702.NRT.hdf,2024-04-09 04:45,61,116709,N,-7.12256641487064,61.6914954187211,39.6752731422784,-47.57710014105,-47.0606495448674,-7.12122709371242,-19.693866470301,-47.5840687507631,61.6814166853117,55.8922169716172,39.5442078933349,43.3682313366801
MYD03.A2024100.0450.061.2024100064651.NRT.hdf,2024-04-09 04:50,61,116709,N,-20.1514668181615,43.7689081024571,22.3543224885247,-49.8919432923794,-47.8549423842332,-20.1477050837997,-27.2060379306288,-49.9154110621621,43.7916357483867,39.7442246207098,22.2862880905525,25.4202476039208
MYD03.A2024100.0455.061.2024100064642.NRT.hdf,2024-04-09 04:55,61,116709,N,-27.5102580227368,25.7201921485736,4.66976552227401,-52.9906604477051,-50.0482930289003,-27.504826589855,-32.2644986374842,-53.0102703978574,25.7501873907979,22.4248339958097,4.64480668118935,7.60759624120961
MYD03.A2024100.0500.061.2024100064656.NRT.hdf,2024-04-09 05:00,61,116709,N,-32.4081948187511,7.77479231299115,-13.2116616837346,-57.0139314055248,-53.063858673281,-32.3753297052913,-36.035187576157,-57.0208084891811,7.80402015532594,4.73517789177664,-13.2505264212302,-10.1174089233508
MYD03.A2024100.0505.061.2024100064643.NRT.hdf,2024-04-09 05:05,61,116709,N,-36.02825147779,-10.0442302698073,-31.1430793094324,-62.5664597970977,-57.0256917730598,-35.8201907600715,-38.8100463170311,-62.5736185278476,-10.0235561607489,-13.15987747112,-31.3165821505896,-27.6429676993742
MYD03.A2024100.0510.061.2024100064648.NRT.hdf,2024-04-09 05:10,61,116709,N,-38.7766503527772,-27.5739716719583,-49.0389307403147,-71.1454761493061,-62.5440718100694,-38.3885641297445,-40.6905178195873,-71.2595425381354,-27.5605383487029,-31.0886212115699,-49.3325065417855,-44.532252704068
MYD03.A2024100.0515.061.2024100064739.NRT.hdf,2024-04-09 05:15,61,116709,N,-40.6517022449059,-44.4965872622567,-66.8882345758895,-87.3638304034694,-71.1026485668119,-40.0419568180477,-40.677816584177,-87.6149396681553,-44.4895330203886,-48.9632319627486,-67.2269905247916,-59.8599404534775
MYD03.A2024100.0520.061.2024100065123.NRT.hdf,2024-04-09 05:20,61,116709,N,-24.2013379619666,-59.9042508140511,-84.7482058204215,-124.193734436819,-87.2670190146713,-39.7576566127283,-22.5672541090514,-124.414582729523,-59.9008953610104,-66.7328245223751,-84.6393073474541,-69.9636676694587
MYD03.A2024100.0525.061.2024100065530.NRT.hdf,2024-04-09 05:25,61,116709,N,180,-67.1492018266847,-89.9880006960553,-180,-123.966966174337,-21.7039793373441,117.482576138552,-174.412104081528,-70.2293545646718,-84.0169260665564,-76.75994566637,-66.8191041989061
MYD03.A2024100.0530.061.2024100064937.NRT.hdf,2024-04-09 05:30,61,116709,B,-174.849102401133,-53.9380090374461,-77.4411793133969,116.976244258518,-174.847166041574,115.48977996537,120.721320414177,159.488064462401,-67.1938816250328,-77.2059873932952,-59.0955947926297,-53.7086659647578
MYD03.A2024100.0535.061.2024100064722.NRT.hdf,2024-04-09 05:35,61,116709,D,158.872279574672,-37.7207076864629,-59.5810946193678,119.627909290884,158.873548412796,120.308643460047,119.618759220676,147.22143486512,-54.0052690338098,-59.5788716779084,-41.3211557969032,-37.573787011913
MYD03.A2024100.0540.061.2024100064654.NRT.hdf,2024-04-09 05:40,61,116709,D,146.69356279358,-20.4044045261243,-41.7200178124108,117.355195733256,146.695732605775,119.493748094724,117.333648863567,139.981276056658,-37.7906440207336,-41.7410406587797,-23.4208338865537,-20.3229680299988
MYD03.A2024100.0545.061.2024100064708.NRT.hdf,2024-04-09 05:45,61,116709,D,139.600684908465,-2.7210276227687,-23.7057962492969,114.259906760454,139.607370735236,117.30837750247,114.242086221353,135.011913554767,-20.4743013902253,-23.728752067226,-5.62280690491025,-2.68633265770968
MYD03.A2024100.0550.061.2024100064706.NRT.hdf,2024-04-09 05:50,61,116709,D,134.796241382325,15.1721602069253,-5.77620655555339,110.187594690432,134.802605296147,114.269113663677,110.165574138091,131.232285022464,-2.79345700160467,-5.79507185235744,12.1185778662871,15.2315584916575
MYD03.A2024100.0555.061.2024100064709.NRT.hdf,2024-04-09 05:55,61,116709,D,131.189654676205,33.1412079408608,12.0520698521099,104.500435558133,131.326691161,110.198504174064,104.394485606683,128.3824254863,15.1149797545207,12.0351783610782,29.6446717795003,33.3256752866081
MYD03.A2024100.0600.061.2024100064702.NRT.hdf,2024-04-09 06:00,61,116710,D,128.416238979326,51.0922801238891,29.6018796474645,95.4813427521347,128.734592310227,104.522967991886,95.247224000729,126.449214363574,33.0816241978881,29.5898199120816,46.5186242148873,51.3930304487548
MYD03.A2024100.0605.061.2024100081530.NRT.hdf,2024-04-09 06:05,61,116710,D,126.559077464772,69.0213259561133,46.5261140774365,77.7450520439548,127.065973264811,95.5181737230511,77.4033271517194,126.539869967193,51.0207328341381,46.5200465937251,61.6679563406177,69.3598755054501
MYD03.A2024100.0610.061.2024100082414.NRT.hdf,2024-04-09 06:10,61,116710,D,154.262702088226,86.9615246661697,61.7582608124783,36.9012347647152,127.612931229679,77.8508653664112,36.7574572579256,158.104424318935,68.865189478139,61.7548223858012,70.7068442630643,86.6099521212748
MYD03.A2024100.0615.061.2024100082758.NRT.hdf,2024-04-09 06:15,61,116710,B,180,89.9932355859455,65.9922330167987,-180,157.698364136198,37.1182987032938,-12.0035600606401,-72.9255323112802,85.9735322777069,71.020310857996,65.6864982146226,74.5379341874952
MYD03.A2024100.0620.061.2024100082326.NRT.hdf,2024-04-09 06:20,61,116710,N,-12.499771401831,75.1454940553805,51.967899567339,-73.2616682379673,-74.4022445214174,-12.4978981419358,-35.4146809626087,-71.2348261856992,75.0078472890643,66.0408052384202,51.7743930313877,56.751934898272
MYD03.A2024100.0625.061.2024100082030.NRT.hdf,2024-04-09 06:25,61,116710,N,-35.9644028464763,57.2136810025919,35.4345180474933,-72.7592644618269,-71.723222217573,-35.9625466789115,-46.5923703326293,-72.7724059062327,57.2226026066477,52.0310924967386,35.3209627186969,38.9033607304491
MYD03.A2024100.0630.061.2024100082049.NRT.hdf,2024-04-09 06:30,61,116710,N,-47.013381843258,39.283572448117,17.964665634175,-75.279625449845,-72.9985385490482,-47.0091258979194,-53.3192003545357,-75.303804747135,39.3088558235315,35.5038317750115,17.90916834287,20.962122878182
MYD03.A2024100.0635.061.2024100082040.NRT.hdf,2024-04-09 06:35,61,116710,N,-53.5837417895354,21.2312986808284,0.214207546135192,-78.5823702795092,-75.4148225043901,-53.5779759539319,-57.9917844606806,-78.5982799115964,21.2618234053478,18.0353591232937,0.197026597309242,3.17147107490313
MYD03.A2024100.0640.061.2024100082023.NRT.hdf,2024-04-09 06:40,61,116710,N,-58.0976646198393,3.30488603116702,-17.6910185449446,-82.913902471155,-78.6448298302907,-58.0230122695363,-61.4945449379348,-82.92045234812,3.33391485767926,0.27415090329314,-17.7636519439967,-14.5324003965408
MYD03.A2024100.0645.061.2024100082029.NRT.hdf,2024-04-09 06:45,61,116710,N,-61.48161461538,-14.459175191353,-35.6200195620726,-89.0213302291118,-82.9018541911837,-61.2276876561003,-64.0651680829377,-89.028927762142,-14.4420663781798,-17.6401992731248,-35.8246401460959,-31.9452265131993
MYD03.A2024100.0650.061.2024100082040.NRT.hdf,2024-04-09 06:50,61,116710,N,-64.0274282277739,-31.8765826200629,-53.4971790910166,-98.87751175674,-88.9949086137096,-63.5857943277876,-65.6389086595157,-99.0131032252589,-31.8636010239891,-35.5620628008654,-53.8169743116881,-48.5709923901618
MYD03.A2024100.0655.061.2024100082208.NRT.hdf,2024-04-09 06:55,61,116710,N,-64.6313176938623,-48.5440617411556,-71.3501327709089,-118.575390587492,-98.8288226229387,-64.9786733033669,-64.6144433430759,-118.904437520914,-48.5364264190603,-53.4149699483932,-71.6653866283781,-63.1350209709677
MYD03.A2024100.0700.061.2024100082611.NRT.hdf,2024-04-09 07:00,61,116710,N,-2.2732625663634,-63.2340506766851,-89.210267221484,-162.40080178012,-118.448352518401,-63.4951135548806,7.36687177313985,-162.422906060509,-63.2294209513373,-71.1430914713574,-87.5581839260672,-70.631018473077
MYD03.A2024100.0705.061.2024100082737.NRT.hdf,2024-04-09 07:05,61,116710,B,180,-64.3919050229819,-89.9866839941348,-180,-162.1551374167,-1.90847185411099,94.7735063395448,152.176476222712,-70.9523862680889,-87.1074513606792,-72.3719527795192,-64.0852946150667
MYD03.A2024100.0710.061.2024100082236.NRT.hdf,2024-04-09 07:10,61,116710,D,151.62625011137,-50.0414391963847,-72.9782457991976,94.4972685638075,151.62802239782,93.4344056169275,95.9305947415649,130.952255079367,-64.4454255166097,-72.8400231444531,-54.661877073571,-49.835665147984
MYD03.A2024100.0715.061.2024100082116.NRT.hdf,2024-04-09 07:15,61,116710,D,130.352852810531,-33.4790256455424,-55.1220315003538,94.4553587260422,130.354548072173,95.6207209431851,94.4406590483926,120.423742776774,-50.1106116022275,-55.1337567236136,-36.8744274417313,-33.3501081454217
MYD03.A2024100.0720.061.2024100082106.NRT.hdf,2024-04-09 07:20,61,116710,D,119.928886629773,-16.0165032757176,-37.246639965018,91.9644998007187,119.932380902639,94.3419341561803,91.9406839232627,113.902338481415,-33.5494397761434,-37.2690965667081,-18.9711640567292,-15.9496266906306
MYD03.A2024100.0725.061.2024100082057.NRT.hdf,2024-04-09 07:25,61,116710,D,113.567398055512,1.73477348116331,-19.2245968891606,88.6596265685738,113.573016366199,91.9399719775823,88.6459943983041,109.299798289382,-16.0867878549273,-19.2462551927057,-1.18927162975154,1.76143409027367
MYD03.A2024100.0730.061.2024100082048.NRT.hdf,2024-04-09 07:30,61,116710,D,109.119193118458,19.6568411879272,-1.30857471695565,84.267022594447,109.125770059841,88.6692708724009,84.2293451287189,105.7300155944,1.66229112847773,-1.32719243039961,16.5320837636067,19.7443911143626
MYD03.A2024100.0735.061.2024100082045.NRT.hdf,2024-04-09 07:35,61,116710,D,105.741010392788,37.6256233472988,16.4693705999477,78.0751165029149,105.887285838904,84.27956683028,77.8482162856657,103.081373076141,19.5983200455792,16.453248083634,33.9387719171035,37.8397607475675
MYD03.A2024100.0740.061.2024100095146.NRT.hdf,2024-04-09 07:40,61,116711,D,103.115880438453,55.5660135337135,33.9325210594843,67.5181614477666,103.531881120353,78.0816390483188,67.3729703486195,101.493855343424,37.5656131429927,33.9212932113088,50.570543648064,55.8957797076644
MYD03.A2024100.0745.061.2024100100326.NRT.hdf,2024-04-09 07:45,61,116711,D,102.866046030552,73.4998446260377,50.5539024182933,45.7681565003061,102.20257096046,67.5677422955318,45.3606342405728,102.898637260017,55.4881259397954,50.5468905474892,64.8047354329821,73.8101446112015
MYD03.A2024100.0750.061.2024100100626.NRT.hdf,2024-04-09 07:50,61,116711,D,180,89.9952369926162,64.9548789722947,-180,104.152723215325,45.8974495181503,-1.77929048027694,-136.868021690199,73.288385123716,64.9534444544917,70.8678357430523,87.1069214652471
MYD03.A2024100.0755.061.2024100100706.NRT.hdf,2024-04-09 07:55,61,116711,B,-1.66308642418391,88.6075319035231,62.979128507839,-145.758579986611,-149.447474904682,-1.66127531266708,-44.5248773869411,-96.4661649272946,87.0885105400277,71.2213302058936,62.6675918557947,70.1133482341469
MYD03.A2024100.0800.061.2024100100109.NRT.hdf,2024-04-09 08:00,61,116711,N,-45.1756004158872,70.6684016121365,47.972220114037,-96.6594752738716,-97.4998261430008,-45.1738987897632,-63.650948946052,-96.1719767882763,70.5994945269134,63.0346852100265,47.8248959426402,52.2948839140671
MYD03.A2024100.0805.061.2024100100054.NRT.hdf,2024-04-09 08:05,61,116711,N,-64.0956419453373,52.7442618335231,31.149281698533,-97.9898721030437,-96.5555583879506,-64.0930516714747,-73.2260287641532,-98.0085963600615,52.7590348634002,48.0368934938156,31.0517164414675,34.4474272910258
MYD03.A2024100.0810.061.2024100100053.NRT.hdf,2024-04-09 08:10,61,116711,N,-73.6104591391192,34.8023256368474,13.5597880844975,-100.715069361284,-98.2069946286426,-73.6057835476469,-79.3090467307883,-100.738585824238,34.829137066492,31.2192108634082,13.5152492646199,16.5160578162421
MYD03.A2024100.0815.061.2024100100052.NRT.hdf,2024-04-09 08:15,61,116711,N,-79.5364507944984,16.7518535659382,-4.24442081916576,-104.237601672683,-100.831957554058,-79.5303888356997,-83.6515306641158,-104.248757900253,16.7826926444985,13.6308367718832,-4.25383708526189,-1.24755911184594
MYD03.A2024100.0820.061.2024100100101.NRT.hdf,2024-04-09 08:20,61,116711,N,-83.7120097751387,-1.1479077254116,-22.1654164902513,-108.912410334225,-104.281567882308,-83.591671852104,-86.8919797633619,-108.919225861729,-1.12114646478043,-4.18921430050713,-22.2722224209958,-18.920033626883
MYD03.A2024100.0825.061.2024100100102.NRT.hdf,2024-04-09 08:25,61,116711,N,-86.873116212537,-18.8468889176841,-40.0867889474488,-115.687279398583,-108.898478464722,-86.5776883841992,-89.2554470929097,-115.720536039641,-18.8311353454652,-22.1137400780799,-40.3227450724624,-36.1910454064926
MYD03.A2024100.0830.061.2024100100112.NRT.hdf,2024-04-09 08:30,61,116711,N,-89.214302451753,-36.1300784607473,-57.9484056330076,-127.137603432301,-115.656625756338,-88.7242918625453,-90.4554976146822,-127.318868401276,-36.1185782868219,-40.0240450516133,-58.2866894538829,-52.4914319723585
MYD03.A2024100.0835.061.2024100100316.NRT.hdf,2024-04-09 08:35,61,116711,N,-87.5854577049164,-52.4853371818138,-75.8060367398995,-151.38649584875,-127.077153950913,-89.7028289471862,-87.4716052834973,-151.738983228439,-52.4791368165877,-57.8526791144791,-76.0709691014307,-66.0243303060492
MYD03.A2024100.0840.061.2024100100905.NRT.hdf,2024-04-09 08:40,61,116711,N,180,-66.1735418533665,-89.9863801794082,-180,-151.231017954403,-86.2785802940211,49.4996649172617,159.380587869608,-66.1711001939954,-75.5214467108907,-85.2362442769265,-70.2798214757913
MYD03.A2024100.0845.061.2024100100456.NRT.hdf,2024-04-09 08:45,61,116711,B,159.36422688543,-61.1983457803772,-86.3843643029999,45.7292806053095,159.366146581959,41.7735832977878,70.8279405072852,120.398229130267,-70.6774297879627,-85.4463857444504,-67.9571809045497,-60.9429067486562
MYD03.A2024100.0850.061.2024100100220.NRT.hdf,2024-04-09 08:50,61,116711,D,119.85252583877,-46.0293178859894,-68.5215591846389,70.6565339577929,119.854113684398,70.0449979052915,71.0050001845168,103.025970731063,-61.2580987290171,-68.4519050669018,-50.2239863711941,-45.8454538296621
MYD03.A2024100.0855.061.2024100100125.NRT.hdf,2024-04-09 08:55,61,116711,D,102.450262086769,-29.1938957388547,-50.6693985792885,69.2277316789072,102.452648350897,70.7713700145528,69.2084822969528,93.8607203025275,-46.0997456886267,-50.6853803659343,-32.4293236655594,-29.0829720195521
MYD03.A2024100.0900.061.2024100100123.NRT.hdf,2024-04-09 09:00,61,116711,D,93.4073028799631,-11.6121338392642,-32.7743481093521,66.533508187213,93.4118714127389,69.1397584733482,66.5107210601256,87.9400616917798,-29.2643413115326,-32.7968981235484,-14.5277836589476,-11.5561262463855
MYD03.A2024100.0905.061.2024100100110.NRT.hdf,2024-04-09 09:05,61,116711,D,87.6381640458226,6.19742654631732,-14.7477236592077,62.9971224927001,87.6440929606498,66.5245473439204,62.9887659266488,83.6448696774761,-11.6822480918299,-14.7681537721243,3.23252313290278,6.21607327800435
MYD03.A2024100.0910.061.2024100100113.NRT.hdf,2024-04-09 09:10,61,116711,D,83.5074926461805,24.1399884726163,3.14741838829968,58.2370620685355,83.5459719147149,63.0086358979543,58.1833070887382,80.3088375457959,6.1289581354282,3.12949799782832,20.921327356024,24.2600886067445
MYD03.A2024100.0915.061.2024100100141.NRT.hdf,2024-04-09 09:15,61,116711,D,80.3295369815451,42.1062941583354,20.8631482954869,51.2016928993087,80.4922514090547,58.2520067436586,51.0612880551151,77.8265399197872,24.0807090776227,20.8473555659887,38.1865311300755,42.3511828422373
MYD03.A2024100.0920.061.2024100113407.NRT.hdf,2024-04-09 09:20,61,116712,D,77.8942125023822,60.03826893785,38.1581464617312,38.9506160722081,78.3972310911284,51.238043800283,38.6521584680358,76.6939475686409,42.0449483868604,38.1417475205658,54.4220452155729,60.3723587909019
MYD03.A2024100.0925.061.2024100114759.NRT.hdf,2024-04-09 09:25,61,116712,D,80.3495085987822,77.9765038739534,54.4655418063581,11.9556887809802,77.4855125513819,39.0117401355478,11.5554365641112,80.5172451619705,59.9462628826105,54.4602984575729,67.4855571751052,78.2320092682646
MYD03.A2024100.0930.061.2024100115314.NRT.hdf,2024-04-09 09:30,61,116712,D,180,89.9961831483318,67.6897601635677,-180,82.0179323314861,12.1175075324029,-39.8161690306826,-131.925611946455,77.6770657951664,67.6890263070245,69.9922799828087,83.2838200097052
MYD03.A2024100.0935.061.2024100114834.NRT.hdf,2024-04-09 09:35,61,116712,B,-40.0227598257026,84.1306680128106,59.5271235023282,-133.652752340911,-136.477202847675,-40.0207301551413,-75.5869044546286,-120.648628460752,83.6445870868212,70.4166669004972,59.3144259310095,65.6704621525581
MYD03.A2024100.0940.061.2024100114616.NRT.hdf,2024-04-09 09:40,61,116712,N,-76.0786806567225,66.1941164313795,43.8793771811131,-121.198063394273,-121.404151831782,-76.0771786788419,-91.2083466305872,-121.196030118156,66.1613264814396,59.5876050601178,43.7275013850347,47.8483429672169
MYD03.A2024100.0945.061.2024100114617.NRT.hdf,2024-04-09 09:45,61,116712,N,-91.7044782553135,48.272089241854,26.8271105959502,-123.288791713012,-121.535726308538,-91.6980631742403,-99.6593453770854,-123.310165460207,48.2898777888597,43.9443402739885,26.7445518513838,29.994742928872
MYD03.A2024100.0950.061.2024100114609.NRT.hdf,2024-04-09 09:50,61,116712,N,-100.004745260422,30.3212357023383,9.13687268662106,-126.198375546346,-123.469489337089,-100.00255553859,-105.20722152093,-126.220507267601,30.3504369114405,26.8978525285798,9.10384279151412,12.0723344832379
MYD03.A2024100.0955.061.2024100114618.NRT.hdf,2024-04-09 09:55,61,116712,N,-105.3877246771,12.2767209909274,-8.70968628458281,-129.960727359128,-126.29691023163,-105.381389124347,-109.253163038854,-129.966739874961,12.3073092269844,9.20820760867283,-8.7168689468884,-5.65841007615493
MYD03.A2024100.1000.061.2024100114551.NRT.hdf,2024-04-09 10:00,61,116712,N,-109.26916729836,-5.58858275177316,-26.6399699647086,-135.035047391662,-129.986023722046,-109.10510338235,-112.247160479219,-135.041888909418,-5.56447777513618,-8.65770244312432,-26.7801197553605,-23.2824162773389
MYD03.A2024100.1005.061.2024100114556.NRT.hdf,2024-04-09 10:05,61,116712,N,-112.223802878777,-23.2093193223669,-44.5498444845996,-142.62314354803,-135.018613812778,-111.882764633773,-114.387130810548,-142.6862157015,-23.1944820851324,-26.5866684640807,-44.8154666177007,-40.381191143423
MYD03.A2024100.1010.061.2024100114648.NRT.hdf,2024-04-09 10:10,61,116712,N,-114.343195212759,-40.330179619774,-62.4027526901269,-156.125195560411,-142.587124499634,-113.796792948209,-115.086287780754,-156.356581770891,-40.3199168910969,-44.4815722724355,-62.746852462169,-56.2612652714202
MYD03.A2024100.1015.061.2024100114845.NRT.hdf,2024-04-09 10:15,61,116712,N,-108.588181794153,-56.2810630190515,-80.2620082189359,173.872575572086,-156.050506405479,-114.268859997486,-108.194747474043,173.542576156304,-56.2762821966791,-62.2829390038781,-80.4276804842332,-68.361644335844
MYD03.A2024100.1020.061.2024100115325.NRT.hdf,2024-04-09 10:20,61,116712,N,180,-68.5716614166539,-89.987071387652,-180,174.064098437964,-106.840719988692,38.8298510871141,122.232435632811,-68.5698480046463,-79.843736278528,-81.1191886037775,-68.9622940125754
MYD03.A2024100.1025.061.2024100114915.NRT.hdf,2024-04-09 10:25,61,116712,B,121.941859647311,-57.6930013885019,-81.9274536964586,37.7388665019787,121.943878813122,35.4012250797658,46.5629307151228,90.0250211372265,-69.3769529031815,-81.5103687621263,-63.5429591296729,-57.4641066461465
MYD03.A2024100.1030.061.2024100114716.NRT.hdf,2024-04-09 10:30,61,116712,D,89.4673683650786,-41.9230734685405,-64.0637509246437,45.9786955865642,89.4687856660301,45.9920957550934,45.9777361487011,75.5695781640951,-57.7567856816118,-64.034836330408,-45.7856597462374,-41.7593288917459
MYD03.A2024100.1035.061.2024100114635.NRT.hdf,2024-04-09 10:35,61,116712,D,75.0215235680185,-24.8706854112586,-46.2110538217826,43.9480591104752,75.0245462829421,45.8039135310154,43.9258955619449,67.4887283859105,-41.994303545561,-46.2297058708576,-27.9828383315057,-24.7749719239389
MYD03.A2024100.1040.061.2024100114608.NRT.hdf,2024-04-09 10:40,61,116712,D,67.0714091525462,-7.1880449845997,-28.2987496052312,41.0525062451672,67.0763825518499,43.8828429031666,41.0317594884746,62.065933104209,-24.9410261310867,-28.3215276175251,-10.0865264690992,-7.14295805061254
MYD03.A2024100.1045.061.2024100114604.NRT.hdf,2024-04-09 10:45,61,116712,D,61.8032272569824,10.6689486092522,-10.2726849529508,37.2979030759362,61.8093988388039,41.0568107843583,37.2541790874899,58.0409739748713,-7.25817011815244,-10.2917809691146,7.66323194515037,10.6999780714046
MYD03.A2024100.1050.061.2024100114628.NRT.hdf,2024-04-09 10:50,61,116712,D,57.9502312623611,28.6241649838081,7.60133268311558,32.0838583700589,58.0077858577728,37.3097406459067,32.0401514090543,54.9147442075486,10.6021203578109,7.58698490641498,25.2950013917254,28.7809439824036
MYD03.A2024100.1055.061.2024100114636.NRT.hdf,2024-04-09 10:55,61,116713,D,54.9458723910519,46.5902761087224,25.2355995336187,24.1592240165269,55.2562300331851,32.101441899907,23.9831033196822,52.7760675257016,28.5724496778477,25.2195927844173,42.3786685976265,46.8617211776903
MYD03.A2024100.1100.061.2024100114625.NRT.hdf,2024-04-09 11:00,61,116713,D,52.8206038364014,64.5154368505621,42.3633056700758,9.54622094797616,53.3141054088384,24.193974801191,9.21940206658893,52.0720200018788,46.5208061175472,42.3548694623204,58.1491399399872,64.8610460341413
MYD03.A2024100.1105.061.2024100114647.NRT.hdf,2024-04-09 11:05,61,116713,D,60.9690768747841,82.4567821173562,58.2146533544403,-23.9407522294655,52.9864958707028,9.62330822617425,-24.2759841956351,61.6130586910998,64.3991791197285,58.2102207816515,69.5188393703015,82.5842501174645
MYD03.A2024100.1110.061.2024100131514.NRT.hdf,2024-04-09 11:10,61,116713,D,180,89.9944751894521,68.5356290407543,-180,63.3462862909184,-23.7424041230107,-76.2908778861211,-149.643522284688,81.9857275606888,69.7954705800354,68.2163607737595,78.9634849847928
MYD03.A2024100.1115.061.2024100132156.NRT.hdf,2024-04-09 11:15,61,116713,B,-76.6302399768143,79.6499126665101,55.8543713965137,-150.292192598975,-151.92124684793,-76.6282243444268,-105.272367407357,-145.181253007522,79.4043352613066,68.5700611186013,55.6305597978642,61.2286729380068
MYD03.A2024100.1120.061.2024100132139.NRT.hdf,2024-04-09 11:20,61,116713,N,-105.862290454791,61.7165648345272,39.7079987329849,-146.328206795874,-145.817933420459,-105.8592371047,-118.440183362414,-146.335145492747,61.7097217151538,55.9176633417469,39.5709951130296,43.3911985462644
MYD03.A2024100.1125.061.2024100132147.NRT.hdf,2024-04-09 11:25,61,116713,N,-118.919322412783,43.7914372816024,22.464198928299,-148.624533837602,-146.596228431664,-118.911695815012,-125.940986877521,-148.648354881742,43.8167091251453,39.7738090302675,22.4010433759965,25.5299189150873
MYD03.A2024100.1130.061.2024100132001.NRT.hdf,2024-04-09 11:30,61,116713,N,-126.221876474123,25.8326157594416,4.69288731625638,-151.732210656122,-148.782258760602,-126.216449871649,-131.007540063519,-151.751696371417,25.8625167860444,22.5346882800329,4.66819216350896,7.62976647753874
MYD03.A2024100.1135.061.2024100131951.NRT.hdf,2024-04-09 11:35,61,116713,N,-131.152945915444,7.8003063480409,-13.1867716058017,-155.763459929325,-151.814645972332,-131.121819004634,-134.782660152123,-155.769742607522,7.83024803869068,4.76041953814115,-13.225304934133,-10.0911810790879
MYD03.A2024100.1140.061.2024100131950.NRT.hdf,2024-04-09 11:40,61,116713,N,-134.771595431386,-10.0214713157986,-31.1199779157195,-161.307550744338,-155.769609328659,-134.563839802344,-137.554154197373,-161.31496256822,-10.0007270455677,-13.1366669934295,-31.293107265476,-27.6213224157942
MYD03.A2024100.1145.061.2024100132006.NRT.hdf,2024-04-09 11:45,61,116713,N,-137.526038613441,-27.5485010526855,-49.0146176439586,-169.902343498916,-161.288085355013,-137.136957399544,-139.440665306898,-169.998407185935,-27.5347142628457,-31.0640985850421,-49.3082832359674,-44.5083039879623
MYD03.A2024100.1150.061.2024100132049.NRT.hdf,2024-04-09 11:50,61,116713,N,-139.395753968884,-44.4696205662166,-66.8649615118501,173.921135882002,-169.859208178389,-138.78472630891,-139.420952936109,173.638949452307,-44.4607418061509,-48.9402106848558,-67.2016284532133,-59.8318209070053
MYD03.A2024100.1155.061.2024100132336.NRT.hdf,2024-04-09 11:55,61,116713,N,-122.877558952719,-59.8841948066739,-84.7250088295115,137.167901123254,174.015261232168,-138.463890047658,-121.253053182737,136.908540550998,-59.8808016000036,-66.707054894328,-84.609216998665,-69.9562191330021
MYD03.A2024100.1200.061.2024100132747.NRT.hdf,2024-04-09 12:00,61,116713,N,180,-67.169913621939,-89.9888222725598,-180,137.383268255979,-120.579350724799,18.7290387291658,86.8084660862911,-70.2754434187419,-83.9924969509375,-76.7757339374947,-66.8750019193983
MYD03.A2024100.1205.061.2024100132246.NRT.hdf,2024-04-09 12:05,61,116713,B,86.4435020451117,-53.9583446779284,-77.4655396897847,18.2321154914247,86.4474766120005,16.736042933128,21.9796165625425,60.7522537199132,-67.2130541654735,-77.2311759084426,-59.119554118491,-53.7328561569991
MYD03.A2024100.1210.061.2024100132023.NRT.hdf,2024-04-09 12:10,61,116713,D,60.1404709293514,-37.738883964074,-59.6031445541022,20.8809988518742,60.1417404348058,21.5584405422167,20.8718763966809,48.4806236410625,-54.0247725672061,-59.6008784670225,-41.3423791036315,-37.5940831286627
MYD03.A2024100.1215.061.2024100132014.NRT.hdf,2024-04-09 12:15,61,116713,D,47.9646012280627,-20.5112276255929,-41.7429278072973,18.6445034715476,47.9682137010532,20.775864940763,18.620376580923,41.2764701334515,-37.8106267093337,-41.7627288636519,-23.5308985445322,-20.4294592568836
MYD03.A2024100.1220.061.2024100132010.NRT.hdf,2024-04-09 12:20,61,116713,D,40.8952818210906,-2.83406048188585,-23.815560425352,15.547982348524,40.9005826944711,18.5915968299585,15.5302221213191,36.2960558635149,-20.581559527672,-23.8361155070245,-5.73361788457418,-2.79545660432773
MYD03.A2024100.1225.061.2024100132013.NRT.hdf,2024-04-09 12:25,61,116713,D,36.055628618607,15.1496801249713,-5.88437076303221,11.4498281577086,36.0622950310561,15.5578764745524,11.4413061402483,32.4678728741753,-2.90607380260052,-5.90326357900145,12.0998407329048,15.2066972969166
MYD03.A2024100.1230.061.2024100132016.NRT.hdf,2024-04-09 12:30,61,116713,D,32.4387151414319,33.1175194531101,12.0306004873354,5.75428797169075,32.5820339349133,11.4653848908471,5.66500012052646,29.6368969942707,15.0906883472855,12.0138894820248,29.6247076743047,33.301475487709
MYD03.A2024100.1235.061.2024100132021.NRT.hdf,2024-04-09 12:35,61,116714,D,29.6670262348921,51.0712951669072,29.5779555946433,-3.29606319574592,29.9894521316778,5.77401725975056,-3.49795614723721,27.7026847237082,33.0609498073903,29.565304525916,46.4952091928269,51.3718730841819
MYD03.A2024100.1240.061.2024100132014.NRT.hdf,2024-04-09 12:40,61,116714,D,27.8142141343076,68.9977944394466,46.4930867425429,-20.9688979916952,28.3235360039008,-3.24957733326969,-21.3549942877671,27.7959940214003,50.9968857947327,46.4846509741946,61.6319881669121,69.3337746475487
MYD03.A2024100.1245.061.2024100145105.NRT.hdf,2024-04-09 12:45,61,116714,D,55.2882124591977,86.9405873535758,61.7396013974659,-61.7817920969474,28.8522184957552,-20.8723027691042,-61.9266008952255,59.0975231181758,68.8449302766966,61.7367726256384,70.7000725979234,86.5970782286999
MYD03.A2024100.1250.061.2024100150339.NRT.hdf,2024-04-09 12:50,61,116714,B,180,89.9929961965568,66.0131903504346,-180,58.7282196116394,-61.5588323994491,-110.708887272701,-171.679506191469,85.9558991956249,71.0176131903806,65.7014247423332,74.5613745988155
MYD03.A2024100.1255.061.2024100145937.NRT.hdf,2024-04-09 12:55,61,116714,N,-111.21309187638,75.1660528148635,51.984926994862,-172.001907449938,-173.163295267961,-111.211217499129,-134.151919346674,-169.983368694084,75.0283607162804,66.0577252168742,51.795065395111,56.7714439385178
MYD03.A2024100.1300.061.2024100145948.NRT.hdf,2024-04-09 13:00,61,116714,N,-134.694571822045,57.2373605534651,35.4555599457709,-171.503299179676,-170.467695214989,-134.692790525529,-145.331733616973,-171.516463663566,57.2466576670208,52.0509363476579,35.3417907850657,38.9261495010517
MYD03.A2024100.1305.061.2024100145627.NRT.hdf,2024-04-09 13:05,61,116714,N,-145.749720933346,39.304100282509,18.0722659261727,-174.007724394198,-171.7349250436,-145.745426862196,-152.032717682106,-174.03200349496,39.3290733733866,35.5225851268639,18.0157231326499,21.0720094556416
MYD03.A2024100.1310.061.2024100145618.NRT.hdf,2024-04-09 13:10,61,116714,N,-152.301855720626,21.341303948998,0.322203361122437,-177.306454497055,-174.143428397878,-152.2961009815,-156.718533531456,-177.32249032142,21.3718319887611,18.1429036189682,0.305242935790582,3.27949429147072
MYD03.A2024100.1315.061.2024100145635.NRT.hdf,2024-04-09 13:15,61,116714,N,-156.822469245805,3.41377406416193,-17.6705153236938,178.343381626002,-177.373349989284,-156.744920118777,-160.239420741557,178.336871476778,3.44312100172912,0.381594375415391,-17.7428903829738,-14.5105380011248
MYD03.A2024100.1320.061.2024100145643.NRT.hdf,2024-04-09 13:20,61,116714,N,-160.22262172596,-14.4409583271077,-35.6018077410251,172.241535236341,178.358401043049,-159.970164462202,-162.808902526879,172.233566203596,-14.424556079739,-17.6211341679119,-35.8068306212269,-31.9285741352655
MYD03.A2024100.1325.061.2024100145700.NRT.hdf,2024-04-09 13:25,61,116714,N,-162.77645433068,-31.8561702479829,-53.4777487181618,162.385720212867,172.264695691071,-162.338486491586,-164.39627644825,162.252333151673,-31.8435394514441,-35.5422848365801,-53.797658692223,-48.5518770959919
MYD03.A2024100.1330.061.2024100145805.NRT.hdf,2024-04-09 13:30,61,116714,N,-163.275946985354,-48.5285736220943,-71.3323366941192,142.705978103443,162.43763381068,-163.667189102008,-163.257174885649,142.377454001323,-48.5210996689769,-53.3962138608974,-71.6445341834364,-63.123437326839
MYD03.A2024100.1335.061.2024100150230.NRT.hdf,2024-04-09 13:35,61,116714,N,-101.444323741643,-63.2170912217419,-89.1919563500165,98.9187987784192,142.824658411155,-162.264472063287,-91.7726282734168,98.8919535622974,-63.2150121353661,-71.12452908468,-87.5612393854138,-70.6264850564401
MYD03.A2024100.1340.061.2024100150245.NRT.hdf,2024-04-09 13:40,61,116714,B,180,-64.4038315363917,-89.9898219194942,-180,99.1500419508267,-100.909615807287,-4.06585283842384,53.3664576861473,-71.0100081219397,-87.0751289416223,-72.3811615413043,-64.1394018483812
MYD03.A2024100.1345.061.2024100145833.NRT.hdf,2024-04-09 13:45,61,116714,D,52.9192356457808,-50.0567519664013,-72.9975397884961,-4.32614342412183,52.9210080794821,-5.29839711271063,-2.80490162045508,32.223839587395,-64.4564345604009,-72.8628946374998,-54.6782450035163,-49.8513126113146
MYD03.A2024100.1350.061.2024100145659.NRT.hdf,2024-04-09 13:50,61,116714,D,31.618130316908,-33.4958261475258,-55.1395592516569,-4.28788284778911,31.6198190979541,-3.12232441140299,-4.30260829346258,21.6826117685724,-50.1250571250593,-55.1514545583214,-36.8915664561077,-33.3653955380093
MYD03.A2024100.1355.061.2024100145647.NRT.hdf,2024-04-09 13:55,61,116714,D,21.1897043419519,-16.1251110037816,-37.2653394697983,-6.76358731772747,21.1910311365224,-4.39474747033342,-6.78750395997595,15.1835571987597,-33.5677659867642,-37.2879485367467,-19.0775431757211,-16.0539950846063
MYD03.A2024100.1400.061.2024100145704.NRT.hdf,2024-04-09 14:00,61,116714,D,14.82724307241,1.62772577916579,-19.3310037690017,-10.0638743932123,14.8324755773358,-6.78750500849799,-10.0778972513891,10.5518348375563,-16.195069296624,-19.3548515309924,-1.29210814279821,1.65347457400727
MYD03.A2024100.1405.061.2024100145719.NRT.hdf,2024-04-09 14:05,61,116714,D,10.3791125193745,19.6401984968123,-1.41357285115851,-14.47518377933,10.3869114200041,-10.0528794024355,-14.5088205898532,6.96713151332016,1.55576260869333,-1.43344487176751,16.5160502040059,19.725222328803
MYD03.A2024100.1410.061.2024100145711.NRT.hdf,2024-04-09 14:10,61,116714,D,6.98536253527321,37.6105791162141,16.4521892286346,-20.7734183155573,7.17577492564165,-14.4581718891863,-20.8889371110408,4.37437707402674,19.5831481537771,16.435427282732,33.9245911378295,37.8250160366732
MYD03.A2024100.1415.061.2024100145654.NRT.hdf,2024-04-09 14:15,61,116715,D,4.40850338152051,55.5515671655927,33.8865588919191,-31.2274190666434,4.78767772091275,-20.7500847450013,-31.4764984016081,2.7484227280779,37.5516835565883,33.8745212650174,50.5175338947046,55.8760055350476
MYD03.A2024100.1420.061.2024100145726.NRT.hdf,2024-04-09 14:20,61,116715,D,4.09594286660683,73.4841967519643,50.5368229897915,-52.9505735934669,3.44759458736346,-31.1715834157643,-53.3654073597611,4.12781436242632,55.4708074754572,50.5300794348942,64.7910468496109,73.7950274950203
MYD03.A2024100.1425.061.2024100163947.NRT.hdf,2024-04-09 14:25,61,116715,D,180,89.9905634760189,64.9429596922468,-180,5.36942091404249,-52.8288027289543,-100.482655299201,124.309906966057,73.2769735927361,64.9414279751179,70.8653899251125,87.1226487774126
MYD03.A2024100.1430.061.2024100164629.NRT.hdf,2024-04-09 14:30,61,116715,B,-100.363062573969,88.6228445484096,62.9629415815617,115.281918067659,111.611405385756,-100.361252536016,-143.255041660967,164.806574622393,87.1025398115245,71.2232329550705,62.6765707519239,70.1265412731395
MYD03.A2024100.1435.061.2024100164405.NRT.hdf,2024-04-09 14:35,61,116715,N,-143.848620016999,70.6800918486131,47.982263303908,164.622676541423,163.765187305122,-143.837530655264,-162.336218899299,165.088442375687,70.607762826417,63.0154800150801,47.8178652316827,52.3094311012597
MYD03.A2024100.1440.061.2024100164400.NRT.hdf,2024-04-09 14:40,61,116715,N,-162.840463703231,52.7577975164271,31.1602323898155,163.262526728126,164.698100562176,-162.837949254535,-171.975120471912,163.244436522947,52.7732147261703,48.0494154154986,31.0627581813669,34.4588403992146
MYD03.A2024100.1445.061.2024100164242.NRT.hdf,2024-04-09 14:45,61,116715,N,-172.355506647022,34.8115397377599,13.6556392178514,160.560496465151,163.06058448559,-172.35078086561,-178.031429338219,160.536718721417,34.8385720902794,31.2278092832437,13.6105843820018,16.6123264582487
MYD03.A2024100.1450.061.2024100164229.NRT.hdf,2024-04-09 14:50,61,116715,N,-178.261208661477,16.849236233912,-4.14891071956457,157.041289001643,160.443347734091,-178.255157890582,177.616278347677,157.029988819883,16.8800554358256,13.7266675077773,-4.15840731756955,-1.15281266421171
MYD03.A2024100.1455.061.2024100164220.NRT.hdf,2024-04-09 14:55,61,116715,N,177.555731617177,-1.05235974350068,-22.1579041250347,152.343163467386,156.991219778351,177.677275662287,174.35401244137,152.336401530155,-1.0247655570635,-4.09401594369737,-22.2643559371423,-18.9109770005682
MYD03.A2024100.1500.061.2024100164245.NRT.hdf,2024-04-09 15:00,61,116715,N,174.376655265105,-18.8415728135253,-40.082105760135,145.571918502928,152.360365387198,174.674991447153,171.994866892331,145.538085076483,-18.8259320821057,-22.1080823006395,-40.3180319220777,-36.1870864878385
MYD03.A2024100.1505.061.2024100164243.NRT.hdf,2024-04-09 15:05,61,116715,N,172.030629687409,-36.1224172230736,-57.9418323941557,134.114835182756,145.599540409249,172.522005959996,170.785088459951,133.939319842385,-36.1110921489587,-40.0181044834411,-58.2805357692621,-52.4838542626304
MYD03.A2024100.1510.061.2024100164444.NRT.hdf,2024-04-09 15:10,61,116715,N,173.756457645482,-52.4801344234086,-75.8013236546412,109.872065778654,134.178214923875,171.594309288971,173.872553889227,109.520670093388,-52.4740838002977,-57.8465185119065,-76.0628924627921,-66.0200891383096
MYD03.A2024100.1515.061.2024100164940.NRT.hdf,2024-04-09 15:15,61,116715,N,180,-66.1639121468905,-89.9903609997627,-180,110.022342228075,175.067726598866,-49.5204275568546,60.6598622601075,-66.1629228643568,-75.5112747663314,-85.2270641644145,-70.2748710515194
MYD03.A2024100.1520.061.2024100164626.NRT.hdf,2024-04-09 15:20,61,116715,B,60.6240848087896,-61.200411153719,-86.3897936031589,-53.3688810018217,60.6260045040597,-57.0388908612435,-27.9160591020648,21.6430519345317,-70.6882866302088,-85.4552783787621,-67.9604871646711,-60.9541575729224
MYD03.A2024100.1525.061.2024100164353.NRT.hdf,2024-04-09 15:25,61,116715,D,21.1305472259581,-46.0335656607827,-68.5292246293321,-28.0762227369398,21.1321352174658,-28.6879539043437,-27.73341288261,4.29390572170233,-61.2598531772953,-68.4599825182455,-50.2311676375566,-45.8497273133609
MYD03.A2024100.1530.061.2024100164248.NRT.hdf,2024-04-09 15:30,61,116715,D,3.71181226686733,-29.1987285339649,-50.6763896648646,-29.5180236094264,3.71420817412244,-27.9735126758561,-29.5372501887782,-4.88074848433024,-46.1028160968074,-50.6925819150426,-32.4370295277868,-29.0875497865086
MYD03.A2024100.1535.061.2024100164247.NRT.hdf,2024-04-09 15:35,61,116715,D,-5.32981013752074,-11.7063945428949,-32.7833156564726,-32.1946486783173,-5.32527755367195,-29.5977147400125,-32.2175673649341,-10.7758173836883,-29.2709826276514,-32.8057176258711,-14.6244813214761,-11.6495214549485
MYD03.A2024100.1540.061.2024100164303.NRT.hdf,2024-04-09 15:40,61,116715,D,-11.0818115392514,6.10167729895049,-14.8447540954982,-35.7264191032407,-11.0759094907616,-32.2029473722996,-35.7348026041744,-15.081867786536,-11.7765533872889,-14.8651979827813,3.13691732687501,6.12072251962755
MYD03.A2024100.1545.061.2024100164259.NRT.hdf,2024-04-09 15:45,61,116715,D,-15.2221117495624,24.1344266178058,3.05158996358302,-40.5083261570739,-15.1752392356077,-35.7143307247114,-40.557890145714,-18.4340035049224,6.03435144460579,3.03352600059951,20.914493613342,24.254030240054
MYD03.A2024100.1550.061.2024100164305.NRT.hdf,2024-04-09 15:50,61,116715,D,-18.4097583006771,42.1018151793789,20.855115899018,-47.5373984911469,-18.1828210916165,-40.4890451634487,-47.6794194194963,-20.8330551887387,24.0770478623197,20.839947183831,38.1796056386714,42.3467950731907
MYD03.A2024100.1555.061.2024100164243.NRT.hdf,2024-04-09 15:55,61,116716,D,-20.7954101116051,60.0332688734157,38.1516612553298,-59.7864460543287,-20.3584741209663,-47.5090518105799,-60.0904406040622,-22.069769378058,42.0396797455051,38.1407281229632,54.4156786921559,60.3736244354197
MYD03.A2024100.1600.061.2024100181429.NRT.hdf,2024-04-09 16:00,61,116716,D,-18.4332336698786,77.970948587024,54.4624700069151,-86.7754415146814,-21.2743304805046,-59.7198732678566,-87.1732877418827,-18.2666260941791,59.9387471699887,54.4570700366904,67.4871342554689,78.2281505742851
MYD03.A2024100.1605.061.2024100182718.NRT.hdf,2024-04-09 16:05,61,116716,D,180,89.9892818065871,67.6872800089294,-180,-16.7747735420634,-86.6220267239513,-138.556953285808,129.403309451619,77.6766949504715,67.6865446536998,69.9920372287268,83.2884959752534
MYD03.A2024100.1610.061.2024100182315.NRT.hdf,2024-04-09 16:10,61,116716,B,-138.707141842398,84.1355677140248,59.5309990114381,127.642503595101,125.006613555685,-138.705117356581,-174.24792131658,140.668954459675,83.6544715642111,70.3676022605364,59.2841672516377,65.6804576706853
MYD03.A2024100.1615.061.2024100182233.NRT.hdf,2024-04-09 16:15,61,116716,N,-174.825607354582,66.1942074352359,43.8767961560071,140.048469246406,139.838241069121,-174.824104902109,170.04320743339,140.05015433359,66.1584218523928,59.5881429302064,43.7267993118099,47.8493762533012
MYD03.A2024100.1620.061.2024100182055.NRT.hdf,2024-04-09 16:20,61,116716,N,169.550814075286,48.2743439377811,26.8255655701773,137.972162101091,139.729029412124,169.553978561589,161.591456098272,137.950655941924,48.2936250405969,43.944841781935,26.7428058773973,29.9921920813194
MYD03.A2024100.1625.061.2024100182047.NRT.hdf,2024-04-09 16:25,61,116716,N,161.248149160898,30.3169895358926,9.22128958316054,135.077264332039,137.796258427836,161.253277523882,156.071136209774,135.055009157499,30.345567626159,26.8936010803348,9.18663350454744,12.1566501538166
MYD03.A2024100.1630.061.2024100182048.NRT.hdf,2024-04-09 16:30,61,116716,N,155.881307848524,12.3611352013085,-8.62627732984871,131.317357624463,134.977273206245,155.887634574789,152.010417269562,131.311376437605,12.3918268266683,9.29248637837008,-8.63305304573762,-5.57620123562053
MYD03.A2024100.1635.061.2024100182048.NRT.hdf,2024-04-09 16:35,61,116716,N,151.994554712938,-5.50643892913956,-26.6441822231581,126.224547206194,131.292519792222,152.155220958408,148.991107202215,126.217692644239,-5.48243701435697,-8.5740074716173,-26.784040529612,-23.2876591466674
MYD03.A2024100.1640.061.2024100182106.NRT.hdf,2024-04-09 16:40,61,116716,N,149.01931291683,-23.2186558302672,-44.5572078828267,118.626922399961,126.243987323401,149.370836512944,146.865645918226,118.575624910299,-23.2039256643709,-26.5933376271663,-44.8230273750116,-40.3920357794105
MYD03.A2024100.1645.061.2024100182109.NRT.hdf,2024-04-09 16:45,61,116716,N,146.904157246849,-40.3335261508054,-62.4079673295869,105.115579938094,118.660261159637,147.450876924525,146.158047595409,104.887534269886,-40.3232463913094,-44.4877606198323,-62.7521961249159,-56.2628483860764
MYD03.A2024100.1650.061.2024100182359.NRT.hdf,2024-04-09 16:50,61,116716,N,152.679020307156,-56.2860039564669,-80.2687109224532,75.1067128556944,105.193198267041,146.987843604075,153.072814148697,74.7767347498191,-56.2813194935626,-62.2891893164207,-80.4335665715477,-68.3633459927276
MYD03.A2024100.1655.061.2024100182835.NRT.hdf,2024-04-09 16:55,61,116716,N,180,-68.5684586540807,-89.9885453611091,-180,75.3006202475965,154.765342095669,-60.2968147525252,23.4793110319392,-68.5665928009376,-79.8326302231867,-81.0955903998556,-68.9550784843873
MYD03.A2024100.1700.061.2024100182421.NRT.hdf,2024-04-09 17:00,61,116716,B,23.2323209116845,-57.685843922535,-81.9219376926454,-61.4368376395746,23.2343343251705,-63.3552810457841,-52.1885340592302,-8.65558127246827,-69.3309329960529,-81.5069654583268,-63.5358686971419,-57.4325240754005
MYD03.A2024100.1705.061.2024100182209.NRT.hdf,2024-04-09 17:05,61,116716,D,-9.27087804082464,-41.9181118790686,-64.0610788896894,-52.7652484377182,-9.26946101729527,-52.7489278137197,-52.7662435160515,-23.1690318764538,-57.7499749668265,-64.0323704579762,-45.784305171704,-41.7546872079705
MYD03.A2024100.1710.061.2024100182143.NRT.hdf,2024-04-09 17:10,61,116716,D,-23.721773630415,-24.8664753654959,-46.2075969776885,-54.7974727577924,-23.7187376294728,-52.9390668692579,-54.8185448320413,-31.2545947830274,-41.988035895076,-46.2262980186579,-27.9806759539272,-24.7705295115314
MYD03.A2024100.1715.061.2024100182132.NRT.hdf,2024-04-09 17:15,61,116716,D,-31.6680678428505,-7.27541825910921,-28.2974829495588,-57.6731795140866,-31.6631308602049,-54.851655539932,-57.692258356894,-36.6520855179604,-24.9387876185675,-28.3193707632744,-10.1731677811131,-7.2277845875508
MYD03.A2024100.1720.061.2024100182123.NRT.hdf,2024-04-09 17:20,61,116716,D,-36.9298219636632,10.5817694845925,-10.3595476654765,-61.4591277720517,-36.921756143362,-57.6690862801705,-61.467134144156,-40.6950818786615,-7.34510354801781,-10.3792614157231,7.57660991185312,10.6111838368893
MYD03.A2024100.1725.061.2024100182122.NRT.hdf,2024-04-09 17:25,61,116716,D,-40.7782148440622,28.6286911246215,7.50622958430643,-66.6783952458044,-40.68631014235,-61.4475653903542,-66.7408534761883,-43.7948967605397,10.518783979269,7.489162351713,25.2872603575441,28.7816080497233
MYD03.A2024100.1730.061.2024100182121.NRT.hdf,2024-04-09 17:30,61,116717,D,-43.765517689696,46.5891644533038,25.2320848067552,-74.5877764818456,-43.4893950769075,-66.656444570399,-74.7765798039029,-45.9703875806078,28.5709288742449,25.2178318739908,42.3737776987627,46.8623229107252
