# MODIS Aqua GEOGRAPHIC METADATA TEXT FILE day 2024-03-28
# NFiles = 199, max geo IngestTime = 2024-03-28 17:56:07.627394
# GranuleID,StartDateTime,ArchiveSet,OrbitNumber,DayNightFlag,EastBoundingCoord,NorthBoundingCoord,SouthBoundingCoord,WestBoundingCoord,GRingLongitude1,GRingLongitude2,GRingLongitude3,GRingLongitude4,GRingLatitude1,GRingLatitude2,GRingLatitude3,GRingLatitude4
MYD03.A2024088.0000.061.2024088013419.NRT.hdf,2024-03-28 00:00,61,116531,N,43.6529456678888,14.8932645735397,-6.09482171543539,19.0225857513572,22.5315191461614,43.6591734389132,39.6461106910045,19.0137030189307,14.92359706148,11.7980128384899,-6.10103413136349,-3.07419318357888
MYD03.A2024088.0005.061.2024088013743.NRT.hdf,2024-03-28 00:05,61,116531,N,39.6036006747143,-2.98681832693582,-24.0036714014683,14.1904713609953,18.9858590944639,39.7423765198833,36.5093672381051,14.1838980566895,-2.96228202867119,-6.03928795868855,-24.1354597932207,-20.7248459136881
MYD03.A2024088.0010.061.2024088013429.NRT.hdf,2024-03-28 00:10,61,116531,N,36.5382854671867,-20.6353601477295,-41.9119523731005,7.09511442541587,14.2118942126978,36.852752849309,34.2456263041504,7.06531290775676,-20.6209957296103,-23.9429465013225,-42.1614936267073,-37.9130618442322
MYD03.A2024088.0015.061.2024088013809.NRT.hdf,2024-03-28 00:15,61,116531,N,34.2825904354111,-37.847464624224,-59.764988646952,-5.13476294476656,7.12541794772656,34.7949476501593,33.2298481761153,-5.33446372243165,-37.8364276505014,-41.8455133438717,-60.1072587520807,-54.0427190954379
MYD03.A2024088.0020.061.2024088014242.NRT.hdf,2024-03-28 00:20,61,116531,N,37.0733561038424,-54.0502510926147,-77.6211736046022,-31.5737062522535,-5.0659213240555,33.9264563595426,37.2584521216806,-31.9265832965569,-54.0447117603263,-59.6631992769339,-77.8605651846236,-67.0459971865542
MYD03.A2024088.0025.061.2024088014528.NRT.hdf,2024-03-28 00:25,61,116531,N,180,-67.215200165347,-89.9890369374672,-180,-31.3926023286068,38.9949799701419,-179.441392003011,-82.1893173360615,-67.2106326736154,-77.2772810869354,-83.5882526835865,-69.8413347229011
MYD03.A2024088.0030.061.2024088014618.NRT.hdf,2024-03-28 00:30,61,116531,B,-82.2967165429309,-59.7335741797527,-84.5705448559952,178.387435724024,-82.2947358625757,175.723177790894,-165.281930831759,-118.417331128711,-70.214077935704,-83.9246994257298,-66.0739911072327,-59.4635332334038
MYD03.A2024088.0035.061.2024088014243.NRT.hdf,2024-03-28 00:35,61,116531,D,-119.038129485122,-44.2894958831376,-66.6227500708958,-165.46249611835,-119.036617020134,-165.9547749834,-165.457304354256,-134.520005598153,-59.7951587071826,-66.5725421325772,-48.3346447365335,-44.1133326597765
MYD03.A2024088.0040.061.2024088013758.NRT.hdf,2024-03-28 00:40,61,116531,D,-135.087933049804,-27.3576280586137,-48.772002996131,-167.340831444825,-135.085285013842,-165.656644290929,-167.361526694928,-143.198059355172,-44.3603741789895,-48.7892811942165,-30.5366186881946,-27.2525181164625
MYD03.A2024088.0045.061.2024088013729.NRT.hdf,2024-03-28 00:45,61,116531,D,-143.639224097098,-9.81724096221847,-30.8692282445506,-170.103599736745,-143.634501283658,-167.412103919935,-170.125876397865,-148.876252613524,-27.4279642734719,-30.8915752638136,-12.7229593237318,-9.76475949263354
MYD03.A2024088.0050.061.2024088013514.NRT.hdf,2024-03-28 00:50,61,116532,D,-149.164355925871,8.01219488692055,-12.9305859270934,-173.735468438385,-149.15836158608,-170.100591979734,-173.741303660489,-153.058363945227,-9.8895973836228,-12.9501370796799,5.02749049255755,8.02837556175933
MYD03.A2024088.0055.061.2024088013908.NRT.hdf,2024-03-28 00:55,61,116532,D,-153.185688746313,25.9664966279347,4.95702517308493,-178.664453557945,-153.122083189785,-173.727207152511,-178.726941328192,-156.298243356399,7.94916355840371,4.93917668538296,22.7017253961462,26.0999996593069
MYD03.A2024088.0100.061.2024088031214.NRT.hdf,2024-03-28 01:00,61,116532,D,-156.271659756259,43.9341420698902,22.645742133261,173.964241976332,-156.024329522991,-178.644942921602,173.809602494079,-158.608822625615,25.9092496022742,22.6310360498509,39.903428236443,44.190928381518
MYD03.A2024088.0105.061.2024088032203.NRT.hdf,2024-03-28 01:05,61,116532,D,-158.570139074849,61.8656912527797,39.8804155477128,160.847965745959,-158.108350138863,173.994586043086,160.510745881892,-159.651533402857,43.8704259548546,39.8700976031629,55.9669228150149,62.2085605724032
MYD03.A2024088.0110.061.2024088032305.NRT.hdf,2024-03-28 01:10,61,116532,D,-154.445096791436,79.8055891275906,56.0270846122867,131.32418942853,-158.80797549256,160.910585055414,130.948578041296,-154.15881964347,61.7625690108588,56.0225559810102,68.4214070825906,80.0248441367202
MYD03.A2024088.0115.061.2024088033020.NRT.hdf,2024-03-28 01:15,61,116532,D,180,89.9925185634611,68.6472953632423,-180,-152.544220903594,131.495575513255,78.7959164865854,-4.40414221852859,79.455922047188,68.6458975303358,69.3721639297638,81.5356393842404
MYD03.A2024088.0120.061.2024088032016.NRT.hdf,2024-03-28 01:20,61,116532,B,78.5617213098374,82.2996206900426,57.9784733963376,-5.52575122818962,-7.81995707184597,78.5637654803301,45.8588330230379,3.12377992645758,81.9363276558509,69.737795682322,57.7449108535417,63.7674140607204
MYD03.A2024088.0125.061.2024088032020.NRT.hdf,2024-03-28 01:25,61,116532,N,45.2795664931767,64.2731465202057,42.0935532450945,2.29855871965173,2.43199117238395,45.2811367638539,31.3301203653718,2.2960624115046,64.2533271968657,58.0405259558702,41.9530324222986,45.9356419243539
MYD03.A2024088.0130.061.2024088032022.NRT.hdf,2024-03-28 01:30,61,116532,N,30.8605207091888,46.3497590941817,24.9590584283389,0.120409268867198,1.99719752805306,30.8640083365369,23.3259114652464,0.0977080993641681,46.3697752689383,42.1595540937694,24.881446291543,28.0783738639766
MYD03.A2024088.0135.061.2024088031955.NRT.hdf,2024-03-28 01:35,61,116532,N,22.9902877499096,28.3946696220448,7.32176430937727,-2.86341703009575,-0.0528339679681306,22.9971099563087,18.0021639363572,-2.88466573324932,28.4244192813484,25.0292518667934,7.29142974320923,10.2553580559339
MYD03.A2024088.0140.061.2024088031948.NRT.hdf,2024-03-28 01:40,61,116532,N,17.834478306478,10.4426006013301,-10.5408612917744,-6.73579882603496,-2.95938999938636,17.848311915051,14.0660756089982,-6.74191345088671,10.4741234668473,7.39003799647165,-10.5593235000084,-7.47322957908667
MYD03.A2024088.0145.061.2024088032023.NRT.hdf,2024-03-28 01:45,61,116532,N,14.0701025095253,-7.39983724082788,-28.4691708477135,-11.9982125508385,-6.75882804439791,14.2552164546945,11.1764626971202,-12.0053836656292,-7.37629563972562,-10.4885083242946,-28.622700622961,-25.0539796435424
MYD03.A2024088.0150.061.2024088032024.NRT.hdf,2024-03-28 01:50,61,116532,N,11.2070490772973,-24.9846487021134,-46.3719258402529,-19.9693318828524,-11.9776891744205,11.5672359185791,9.14399160203746,-20.0444037452989,-24.9702121795926,-28.4162529253689,-46.6491290931305,-42.0720133689689
MYD03.A2024088.0155.061.2024088032142.NRT.hdf,2024-03-28 01:55,61,116532,N,9.18261883416233,-42.0211818789673,-64.2191522353464,-34.4800060726545,-19.9334112441792,9.75342685318807,8.70237899603298,-34.7312123651152,-42.0114182132521,-46.2997914054526,-64.5619753205116,-57.73599193143
MYD03.A2024088.0200.061.2024088032402.NRT.hdf,2024-03-28 02:00,61,116532,N,17.8705472451351,-57.7725931160346,-82.0771554133829,-67.1349724401639,-34.3947524841452,9.52857039110458,18.5345173133376,-67.4358140511955,-57.7683883387769,-64.0875602305247,-82.16883210584,-69.1044157794209
MYD03.A2024088.0205.061.2024088032757.NRT.hdf,2024-03-28 02:05,61,116532,B,180,-68.5153616368543,-89.9880657261277,-180,-66.9225933261529,20.3723795697983,164.505593486108,-118.652332261967,-69.3373171223115,-81.545272925895,-79.3512613147465,-68.1776882000816
MYD03.A2024088.0210.061.2024088032338.NRT.hdf,2024-03-28 02:10,61,116532,D,-118.981676012198,-56.1247523199667,-80.1142784477466,163.701248917242,-118.979678495084,162.124430803429,170.299668396458,-148.308027396301,-68.5532097646078,-79.7899211666326,-61.6560898648975,-55.8801891943942
MYD03.A2024088.0215.061.2024088032043.NRT.hdf,2024-03-28 02:15,61,116532,D,-148.938650555628,-40.1504345365971,-62.1665606946033,169.517250092179,-148.937299312451,169.854238619155,169.510678465176,-161.81148641386,-56.1898798927315,-62.1517861948987,-43.8967453142218,-39.9941187661527
MYD03.A2024088.0220.061.2024088032041.NRT.hdf,2024-03-28 02:20,61,116532,D,-162.34883958964,-23.0207798434006,-44.3101614697698,167.357196085566,-162.345539462219,169.332105689107,167.334398384706,-169.499700284838,-40.2219049420724,-44.3277027499793,-26.0925796802011,-22.9303601526551
MYD03.A2024088.0225.061.2024088032048.NRT.hdf,2024-03-28 02:25,61,116532,D,-169.904910321852,-5.38663059383115,-26.3932220237257,164.392747652518,-169.899813614579,167.306537104607,164.372935776478,-174.716456536081,-23.0911104415404,-26.4155344751697,-8.2833581985088,-5.34487198086956
MYD03.A2024088.0230.061.2024088032045.NRT.hdf,2024-03-28 02:30,61,116533,D,-174.964385963009,12.486221853995,-8.45714075773769,160.496221459942,-174.95813774444,164.401024729928,160.480395480842,-178.643539434528,-5.45892980622884,-8.47603580238318,9.46507067897371,12.5288387015207
MYD03.A2024088.0235.061.2024088032052.NRT.hdf,2024-03-28 02:35,61,116533,D,-178.719163407196,30.4521664516354,9.3971199020874,155.108359678423,-178.61079647046,160.5059799174,155.028654744654,178.358509639068,12.4271093227889,9.3799474759493,27.0533916995334,30.6180420534978
MYD03.A2024088.0240.061.2024088032056.NRT.hdf,2024-03-28 02:40,61,116533,D,178.389923856981,48.4125260908174,27.0030771154616,146.761755365536,178.68678016909,155.130961284809,146.573452420996,176.27959515417,30.3941072516231,26.9893875787191,44.0627876245958,48.6965337846529
MYD03.A2024088.0245.061.2024088050623.NRT.hdf,2024-03-28 02:45,61,116533,D,176.320203569237,66.3409496977609,44.0533337468405,131.015134512469,176.844861419713,146.79751159713,130.647924964603,175.847658502212,48.3442098046259,44.0443901517487,59.5994346382555,66.6842448368461
MYD03.A2024088.0250.061.2024088050707.NRT.hdf,2024-03-28 02:50,61,116533,D,-170.803470962046,84.2834928301353,59.6883560604513,94.573891769466,176.824229331125,131.10511244489,94.3101976454501,-169.587545943881,66.2087842959254,59.685246890571,70.1263180129605,84.3041085051391
MYD03.A2024088.0255.061.2024088051955.NRT.hdf,2024-03-28 02:55,61,116533,B,180,89.990806205781,67.5811685013826,-180,-168.170493267458,94.7737995122735,43.1698392481284,-24.4854443320944,83.6972693603354,70.4093358696082,67.2646258258205,77.1778211217345
MYD03.A2024088.0300.061.2024088051557.NRT.hdf,2024-03-28 03:00,61,116533,N,42.7541394556311,77.8233116670175,54.216766906634,-24.9714000092563,-26.54470209806,42.7561086595306,16.5101911269626,-21.5444308886588,77.6250467847737,67.6237840019368,54.0101219734457,59.3239784856958
MYD03.A2024088.0305.061.2024088051539.NRT.hdf,2024-03-28 03:05,61,116533,N,15.9465787997253,59.7999772353327,37.8906801999151,-22.8538654778098,-22.1000408997251,15.9478568230802,4.26002932809304,-22.8637711849128,59.8015557572663,54.2816080181822,37.7679016838784,41.4808041855321
MYD03.A2024088.0310.061.2024088051321.NRT.hdf,2024-03-28 03:10,61,116533,N,3.82398036180856,41.8732095522684,20.5899653637719,-25.244548975736,-23.1101288972568,3.82797911136551,-2.86685594037423,-25.2684831987037,41.8968848717823,37.9575236325865,20.5257813994373,23.6257748085939
MYD03.A2024088.0315.061.2024088051356.NRT.hdf,2024-03-28 03:15,61,116533,N,-3.16166131118031,23.9121983165571,2.87670881539673,-28.4255712972046,-25.3942528478399,-3.15591542486269,-7.76904786444311,-28.4439107476277,23.943188954625,20.6605232413095,2.85637791215264,5.82085494425063
MYD03.A2024088.0320.061.2024088051353.NRT.hdf,2024-03-28 03:20,61,116533,N,-7.88862484369363,5.975183477409,-15.0138533099244,-32.5731838166479,-28.4993177091715,-7.83612963938352,-11.4173824817975,-32.5795778919481,6.00490867162577,2.93939543629458,-15.0667176115097,-11.8939802570067
MYD03.A2024088.0325.061.2024088051356.NRT.hdf,2024-03-28 03:25,61,116533,N,-11.4079775683387,-11.8206209989929,-32.9426864898863,-38.3369680117046,-32.5753559872755,-11.1815283331715,-14.1089996866265,-38.3443847788304,-11.8011229101066,-14.9624742273773,-33.128844292822,-29.3740670409453
MYD03.A2024088.0330.061.2024088051351.NRT.hdf,2024-03-28 03:30,61,116533,N,-14.0738011551656,-29.3050901200625,-50.8293359061205,-47.4065286514372,-38.3129117371199,-13.6660739765993,-15.8720793893568,-47.5173611382797,-29.2917153930651,-32.8867195669599,-51.1339324668808,-46.1620706236582
MYD03.A2024088.0335.061.2024088051449.NRT.hdf,2024-03-28 03:35,61,116533,N,-15.4560404487209,-46.124894894634,-68.6771100860857,-64.893786274416,-47.3632192290581,-15.1963696376329,-15.4647715604603,-65.1970825000302,-46.116442479816,-50.750755024742,-69.0060268213867,-61.2000834213577
MYD03.A2024088.0340.061.2024088051837.NRT.hdf,2024-03-28 03:40,61,116533,N,10.7466179485975,-61.2732494474103,-86.5358069545665,-104.568649988996,-64.7881242447495,-14.5379097336549,14.1234529836348,-104.719772825474,-61.2704502134741,-68.5032193918068,-86.1481966262715,-70.3440938660108
MYD03.A2024088.0345.061.2024088052120.NRT.hdf,2024-03-28 03:45,61,116533,B,180,-66.1050424328898,-89.9864299166645,-180,-104.328604936003,13.7311705010907,143.307476965587,-153.192892920986,-70.6344030383117,-85.5080425869989,-75.0052394290639,-65.7829661694902
MYD03.A2024088.0350.061.2024088051622.NRT.hdf,2024-03-28 03:50,61,116533,D,-153.684783860959,-52.3192494190508,-75.6550454803263,142.915908693269,-153.68290812243,141.676379474827,145.620882221307,-177.276536473676,-66.1539116934384,-75.4653631592914,-57.233826765715,-52.0993307198653
MYD03.A2024088.0355.061.2024088051415.NRT.hdf,2024-03-28 03:55,61,116533,D,-177.896162962218,-35.9436012871328,-57.7090509300231,144.353420539716,-177.894948892697,145.252390152483,144.341689000639,171.229364701824,-52.386666150663,-57.7142607612863,-39.4541108289171,-35.8057933183805
MYD03.A2024088.0400.061.2024088051415.NRT.hdf,2024-03-28 04:00,61,116533,D,170.724736223242,-18.6524442561693,-39.8431882018727,142.008222024404,170.728575636853,144.240794626919,141.984809893021,164.344637653362,-36.0155620693609,-39.8641002141949,-21.642022493897,-18.5758356831388
MYD03.A2024088.0405.061.2024088051411.NRT.hdf,2024-03-28 04:05,61,116534,D,163.97684247917,-0.939943867666816,-21.9138520647843,138.865105921035,163.982262197281,141.998763577335,138.840051434856,159.521948133597,-18.7226572452613,-21.9335120352171,-3.84462796443105,-0.907816753058379
MYD03.A2024088.0410.061.2024088051413.NRT.hdf,2024-03-28 04:10,61,116534,D,159.31504368844,16.9665175443897,-3.98253538385298,134.637047678579,159.321516367901,138.862003761322,134.629835848294,155.822794257588,-1.01232152887663,-3.99930347633881,13.8923990145274,17.0401178989164
MYD03.A2024088.0415.061.2024088051344.NRT.hdf,2024-03-28 04:15,61,116534,D,155.80002157832,34.9385433507943,13.823267129674,128.708141264486,155.953978368732,134.648438940976,128.606275302292,153.06612669543,16.9101625384719,13.8067814079661,31.371888586359,35.1357970158031
MYD03.A2024088.0420.061.2024088051408.NRT.hdf,2024-03-28 04:20,61,116534,D,153.102012732397,52.8873334644706,31.3289365237954,119.156300723142,153.449022521299,128.733651363234,118.913768835761,151.256119320257,34.8785925211399,31.3163086792732,48.1402964352275,53.1967116360015
MYD03.A2024088.0425.061.2024088063821.NRT.hdf,2024-03-28 04:25,61,116534,D,151.781197219618,70.8182330596549,48.1533717214965,99.9574902249879,151.900379722932,119.199932322089,99.5698989155896,151.777947129421,52.8134235918831,48.1469441085295,62.9721984331536,71.1485990683498
MYD03.A2024088.0430.061.2024088065206.NRT.hdf,2024-03-28 04:30,61,116534,D,-156.311560381024,88.7615767040563,63.0945467966365,56.2005118906106,152.911563463003,100.069542484477,56.1523886203484,-147.326417185202,70.6431307108927,63.0910298760101,70.9071329479842,87.674986348864
MYD03.A2024088.0435.061.2024088065330.NRT.hdf,2024-03-28 04:35,61,116534,B,180,89.9925645730039,64.8207112754742,-180,-154.755629362093,56.4233457354747,9.55584782314956,-47.2362746296734,87.1654064403761,71.2345354390948,64.5283490820622,72.7673780123407
MYD03.A2024088.0440.061.2024088064955.NRT.hdf,2024-03-28 04:40,61,116534,N,9.03052185085043,73.3459709544634,50.2953427019421,-47.4976860958716,-48.7117543970468,9.03232282212666,-12.0313395446228,-46.3984416042161,73.2311100612009,64.8721747926676,50.1120013484193,54.8761122627737
MYD03.A2024088.0445.061.2024088064746.NRT.hdf,2024-03-28 04:45,61,116534,N,-12.572285831891,55.3283855465202,33.6316578463889,-48.0587126622076,-46.8430436476953,-12.5701441063613,-22.5215328102813,-48.0740445774551,55.3411137106595,50.3618126814499,33.525707181986,37.0229208980528
MYD03.A2024088.0450.061.2024088064748.NRT.hdf,2024-03-28 04:50,61,116534,N,-22.9211960079492,37.3909067093583,16.1937163712441,-50.6496622748236,-48.2803718491176,-22.9167255391299,-28.9299292628497,-50.6737780981205,37.4170177667734,33.6989920995056,16.1427089804691,19.1727295266295
MYD03.A2024088.0455.061.2024088064744.NRT.hdf,2024-03-28 04:55,61,116534,N,-29.1801596420504,19.4279820604365,-1.57978714728251,-54.0353570327636,-50.7738061719101,-29.174263189304,-33.4650038569351,-54.0497389291434,19.4584591377212,16.2646721344741,-1.59305186503059,1.39148751997006
MYD03.A2024088.0500.061.2024088064746.NRT.hdf,2024-03-28 05:00,61,116534,N,-33.5476497901834,1.51154545663225,-19.4915389044699,-58.502876897132,-54.094152406754,-33.4512530455747,-36.852013462117,-58.5094120787305,1.53953659817922,-1.52250747218694,-19.5786924754741,-16.2996838641574
MYD03.A2024088.0505.061.2024088064741.NRT.hdf,2024-03-28 05:05,61,116534,N,-36.8366975974712,-16.2264177826333,-37.4162165353727,-64.8582027285385,-58.490418643766,-36.5655666098313,-39.3388115822203,-64.8809071294273,-16.2104654057317,-19.4404075196914,-37.6340419363445,-33.656970864478
MYD03.A2024088.0510.061.2024088064747.NRT.hdf,2024-03-28 05:10,61,116534,N,-39.2997236498178,-33.5927059997568,-55.2844940449183,-75.3200861951565,-64.8311236153856,-38.8409085114319,-40.7732219338778,-75.4609298749598,-33.5812274536248,-37.3561194700108,-55.61427729181,-50.1619917212686
MYD03.A2024088.0515.061.2024088064928.NRT.hdf,2024-03-28 05:15,61,116534,N,-39.0305600505763,-50.1393289637066,-73.1366381587734,-96.7055448590665,-75.2666821825689,-40.0215908309375,-38.9821188668355,-97.0459940581021,-50.1318656207229,-55.1973474442182,-73.4331850560597,-64.3443506387072
MYD03.A2024088.0520.061.2024088065425.NRT.hdf,2024-03-28 05:20,61,116534,N,180,-64.4614809193146,-89.9880757129026,-180,-96.5735237363464,-37.9609083563605,70.8774359951725,-142.964693352921,-64.4599003017989,-72.9018570991986,-87.1821107476859,-70.6053624526636
MYD03.A2024088.0525.061.2024088065353.NRT.hdf,2024-03-28 05:25,61,116534,B,-142.798343213647,-63.1535919082649,-89.0544691976559,60.6701341789551,-142.791775672756,58.3452413191149,120.089617783145,174.117419932318,-70.9444119267144,-87.0722164658585,-70.609195526654,-62.8566305759762
MYD03.A2024088.0530.061.2024088064929.NRT.hdf,2024-03-28 05:30,61,116534,D,173.537868403946,-48.3692093263044,-71.1947633550981,119.866376194776,173.539566600015,118.962934050597,120.765499002754,154.465921784007,-63.2099634188226,-71.0849598933076,-52.8011222229337,-48.1721010939775
MYD03.A2024088.0535.061.2024088064810.NRT.hdf,2024-03-28 05:35,61,116534,D,153.86653269419,-31.684119610331,-53.2531712786115,119.154997097929,153.86850715841,120.48773914576,119.138290158428,144.539149761921,-48.4379773828858,-53.2675429548153,-35.0089341744403,-31.5630215492611
MYD03.A2024088.0540.061.2024088064804.NRT.hdf,2024-03-28 05:40,61,116534,D,144.067018815823,-14.2595847659424,-35.3716041340844,116.598775047607,144.071348311662,119.063667502274,116.575073673605,138.313141541348,-31.7563293231706,-35.3938315506006,-17.196446326097,-14.1959324116739
MYD03.A2024088.0545.061.2024088064801.NRT.hdf,2024-03-28 05:45,61,116535,D,137.985147195695,3.51714995353869,-17.4361951586273,113.213614654733,137.990866046645,116.590740792832,113.201105945013,133.832094198814,-14.3297628499685,-17.4565790738383,0.580505680720731,3.5407818074355
MYD03.A2024088.0550.061.2024088064827.NRT.hdf,2024-03-28 05:50,61,116535,D,133.666235640921,21.4482994398208,0.475526935058236,108.673987408269,133.684274551369,113.224789831116,108.637742730352,130.353244170913,3.44624238561724,0.457915391523055,18.2911893069384,21.5494507900746
MYD03.A2024088.0555.061.2024088064817.NRT.hdf,2024-03-28 05:55,61,116535,D,130.370957236882,39.4209310880283,18.228663804199,102.166256183385,130.570084175799,108.687726335221,101.969744980658,127.829027763011,21.3932358590436,18.2128647424819,35.6453234978025,39.6475497363197
MYD03.A2024088.0600.061.2024088081442.NRT.hdf,2024-03-28 06:00,61,116535,D,127.869111865895,57.3558346047582,35.630802672236,91.0200161450916,128.244522872506,102.177422716648,90.7755707162122,126.315411820349,39.3572938387204,35.6213205611142,52.1309935593819,57.6927313904773
MYD03.A2024088.0605.061.2024088081441.NRT.hdf,2024-03-28 06:05,61,116535,D,128.43772945488,75.2937376551558,52.1536583836241,67.2846647457914,127.084121148018,91.0582241137766,66.8964040406799,128.507954800785,57.2738294457694,52.1415407411842,65.9605125317436,75.5893173486271
MYD03.A2024088.0610.061.2024088082641.NRT.hdf,2024-03-28 06:10,61,116535,D,180,89.9918046680448,66.119679343115,-180,129.855072156964,67.4265715781255,17.6508590992815,-93.6297190732004,75.0535491660327,66.1186383872296,70.6417201958174,85.7216127641567
MYD03.A2024088.0615.061.2024088082525.NRT.hdf,2024-03-28 06:15,61,116535,B,17.6573662889856,86.8109928621674,61.6107073102929,-97.8262780914268,-101.767348511354,17.6592930293968,-22.2994465274208,-71.253073433496,85.9395831807092,71.0057939853257,61.3477240243459,68.3321248911177
MYD03.A2024088.0620.061.2024088082303.NRT.hdf,2024-03-28 06:20,61,116535,N,-22.8707320112533,68.87177476058,46.2571851736184,-71.4076821808843,-72.1875566852077,-22.8691215764459,-39.9545312373356,-71.3685137423298,68.8154192468569,61.6684473607724,46.0960481759013,50.4219772415394
MYD03.A2024088.0625.061.2024088082028.NRT.hdf,2024-03-28 06:25,61,116535,N,-40.4644714254337,50.8600836161964,29.3313538944222,-73.3209239193095,-71.7466326487792,-40.4616483710176,-49.0653149452476,-73.3405779667004,50.8764553559778,46.3248969713867,29.2410659585521,32.5695726359072
MYD03.A2024088.0630.061.2024088082029.NRT.hdf,2024-03-28 06:30,61,116535,N,-49.4267008131545,32.9101497026089,11.7825224744221,-76.1030626349715,-73.5126659394516,-49.4218034725846,-54.8786681371792,-76.1262692257415,32.9380317136956,29.3992033384933,11.7425826154269,14.7275318618841
MYD03.A2024088.0635.061.2024088082036.NRT.hdf,2024-03-28 06:35,61,116535,N,-55.0886084458028,14.9507886348682,-6.03977659339976,-79.7189290207926,-76.21413046715,-55.0824282664854,-59.0983349495998,-79.7292698064487,14.9816821863342,11.8537483328478,-6.0464497768435,-3.02172229522055
MYD03.A2024088.0640.061.2024088082026.NRT.hdf,2024-03-28 06:40,61,116535,N,-59.1400872277607,-2.93532250596732,-23.9640220176598,-84.5515641941252,-79.7603830438939,-59.0030175793142,-62.2384471222372,-84.558482953794,-2.90897576282443,-5.98598145573956,-24.0847190031562,-20.6759958245645
MYD03.A2024088.0645.061.2024088082024.NRT.hdf,2024-03-28 06:45,61,116535,N,-62.2177735536198,-20.6028035439939,-41.8799679591869,-91.6359169619232,-84.5365413207024,-61.8975742974321,-64.5060665189618,-91.6780588389801,-20.5870055773251,-23.91227623968,-42.1276066236781,-37.8799605798586
MYD03.A2024088.0650.061.2024088082042.NRT.hdf,2024-03-28 06:50,61,116535,N,-64.4640863111807,-37.8219147045653,-59.7353405978295,-103.849540483431,-91.6032584597022,-63.9503607642611,-65.5170544489311,-104.048303664097,-37.8108198962779,-41.8150262945354,-60.0775901600849,-54.0216011896871
MYD03.A2024088.0655.061.2024088082308.NRT.hdf,2024-03-28 06:55,61,116535,N,-61.3721597971775,-54.0243605886106,-77.590897893075,-130.253890526246,-103.783488029571,-64.6821278905089,-61.1778219111863,-130.604450245356,-54.0186963446266,-59.6295840210704,-77.8188036250639,-67.030707854298
MYD03.A2024088.0700.061.2024088082737.NRT.hdf,2024-03-28 07:00,61,116535,N,180,-67.2027890460175,-89.9908278584581,-180,-130.090376655856,-60.0709273094676,82.2858748195903,179.136543201503,-67.2020528505607,-77.2611822542351,-83.6339200888543,-69.85297540576
MYD03.A2024088.0705.061.2024088082418.NRT.hdf,2024-03-28 07:05,61,116535,B,179.043388174008,-59.8255234555828,-84.6005241947687,80.1398902927194,179.048289419948,76.9043922969766,95.949085428538,142.985871779152,-70.2215829772853,-83.9466835726641,-66.1988663767539,-59.5550415403199
MYD03.A2024088.0710.061.2024088114426.NRT.hdf,2024-03-28 07:10,61,116535,D,142.366814861882,-44.3974640564223,-66.7410378788636,95.7885787416797,142.368331946386,95.2644579819949,95.794143531734,126.805344252047,-59.8870500210897,-66.6889254245541,-48.452469725718,-44.2210819849177
MYD03.A2024088.0715.061.2024088114432.NRT.hdf,2024-03-28 07:15,61,116535,D,126.237851028444,-33.2368335652519,-48.8898921246319,94.7122366714632,126.24053376584,95.7882164620182,94.5295948639233,120.444070630354,-44.4683853320014,-48.9060869111274,-36.7262990009657,-33.1342440505282
MYD03.A2024088.0805.061.2024088114427.NRT.hdf,2024-03-28 08:05,61,116536,N,-74.6326777601757,31.5342305123696,25.0000963914316,-98.6308740141415,-98.1868862802839,-74.6277227422337,-75.65478608414,-98.7236024880715,31.551871488689,28.0709904956494,24.9771563572943,28.3410897173867
MYD03.A2024088.0810.061.2024088114548.NRT.hdf,2024-03-28 08:10,61,116536,N,-75.7365257372526,28.4348974481057,7.36138745504722,-101.607575742291,-98.800405685791,-75.7312395011093,-80.7297183972702,-101.628827468381,28.4640466762999,25.0684989742943,7.3310213542454,10.2948555850892
MYD03.A2024088.0815.061.2024088094928.NRT.hdf,2024-03-28 08:15,61,116536,N,-80.9015679364301,10.4854590212753,-10.4990116802069,-105.474397305088,-101.701520439169,-80.8946386150245,-84.6778927834428,-105.480507072384,10.5161383559894,7.43290664837305,-10.5171719774801,-7.43238509478774
MYD03.A2024088.0820.061.2024088094959.NRT.hdf,2024-03-28 08:20,61,116536,N,-84.6702415999598,-7.36247403496772,-28.4297445851123,-110.728062418721,-105.49422203877,-84.4873805426701,-87.5664129853836,-110.735206495914,-7.3392577003174,-10.4480388492686,-28.5833342394486,-25.0190124030069
MYD03.A2024088.0825.061.2024088095006.NRT.hdf,2024-03-28 08:25,61,116536,N,-87.5407696720697,-24.9459737762981,-46.3321467365092,-118.693080425328,-110.710293067493,-87.1800827208812,-89.6045073226982,-118.766573249268,-24.9315274859714,-28.3754497269708,-46.6091302631618,-42.0366561019861
MYD03.A2024088.0830.061.2024088095040.NRT.hdf,2024-03-28 08:30,61,116536,N,-89.559349937803,-41.9894749960756,-64.181294987978,-133.177605255614,-118.654411903123,-88.9875848846708,-90.0389709807993,-133.427989893638,-41.9796952532434,-46.2613589555881,-64.5242240375451,-57.7108637616488
MYD03.A2024088.0835.061.2024088095320.NRT.hdf,2024-03-28 08:35,61,116536,N,-80.7095307399106,-57.7422110129821,-82.0384243216966,-165.782557742001,-133.095327133379,-89.1423524479516,-80.0407154950787,-166.078928881397,-57.7379599408417,-64.0463908968648,-82.1218038566121,-69.0924239656978
MYD03.A2024088.0840.061.2024088095654.NRT.hdf,2024-03-28 08:40,61,116536,B,180,-68.5639696282355,-89.9926465343369,-180,-165.583260073236,-78.8846345189168,66.0706074819049,142.686944085505,-69.3248078905506,-81.5309985254381,-79.4007648680389,-68.195537485934
MYD03.A2024088.0845.061.2024088095254.NRT.hdf,2024-03-28 08:45,61,116536,D,142.32391316621,-56.2307469839853,-80.1523935510996,65.3035084393304,142.325915519695,63.333956125244,71.5365777631204,113.026500329977,-68.5990348890778,-79.8217832201387,-61.7867198303966,-56.002431068772
MYD03.A2024088.0850.061.2024088095048.NRT.hdf,2024-03-28 08:50,61,116536,D,112.444108403689,-40.268993869918,-62.2925006096969,70.7378004382515,112.445463931153,71.0348057623163,70.7333414384838,99.5071940353009,-56.295841267642,-62.275352684576,-44.0223963408711,-40.1125977225495
MYD03.A2024088.0855.061.2024088095021.NRT.hdf,2024-03-28 08:55,61,116536,D,98.9705953899441,-23.058448794713,-44.4377761690067,68.6010763266057,98.9738852797099,70.5712047899025,68.5782362581276,91.7661171703211,-40.3404836273927,-44.4572971880475,-26.1277849823716,-22.9677710392672
MYD03.A2024088.0900.061.2024088094952.NRT.hdf,2024-03-28 09:00,61,116536,D,91.3638135780419,-5.42873712248946,-26.4339125868097,65.6437563285607,91.3689121050702,68.5535520681918,65.6239838375457,86.5496214898027,-23.1309213765017,-26.456253533166,-8.32553674391738,-5.38715237940326
MYD03.A2024088.0905.061.2024088094952.NRT.hdf,2024-03-28 09:05,61,116537,D,86.2993400991911,12.4444640746115,-8.49852730696073,61.7477085321153,86.305597125849,65.6485727571286,61.7322087546021,82.6197439369417,-5.49888899572027,-8.51753003310999,9.42188367216493,12.4861308532277
MYD03.A2024088.0910.061.2024088094953.NRT.hdf,2024-03-28 09:10,61,116537,D,82.5477221473736,30.400688868203,9.35326367927723,56.370191232182,82.608023259547,61.7614406498402,56.2904993879716,79.5716890645416,12.3774966632162,9.33617331536139,27.0085982074079,30.5679969965393
MYD03.A2024088.0915.061.2024088113206.NRT.hdf,2024-03-28 09:15,61,116537,D,79.5918811728004,48.3667266025867,26.9583578847719,48.0299890429442,79.9318848692794,56.3909090980593,47.8426018313269,77.5221678497727,30.3498535775799,26.9385199531389,44.0186076740006,48.6445363573921
MYD03.A2024088.0920.061.2024088114705.NRT.hdf,2024-03-28 09:20,61,116537,D,77.5663813641421,66.2908881249386,44.0093139716856,32.3179640766067,78.1127010675101,48.0730354759233,31.9568184708804,77.1208931272658,48.2958655648252,43.9991483757832,59.5606041616304,66.6326987972515
MYD03.A2024088.0925.061.2024088114849.NRT.hdf,2024-03-28 09:25,61,116537,D,90.3363415130128,84.2351199728543,59.6458151219846,-4.0436756161647,78.0800236081609,32.401909101573,-4.30740969240529,91.5319069927433,66.1614744217269,59.6423421792125,70.1049522099686,84.2572456291287
MYD03.A2024088.0930.061.2024088115503.NRT.hdf,2024-03-28 09:30,61,116537,B,180,89.9922391828759,67.61110734236,-180,93.1574631820733,-3.83452207267555,-55.4630328192478,-123.40663780233,83.6387223197166,70.3911849389357,67.2897309115711,77.2234538286714
MYD03.A2024088.0935.061.2024088114505.NRT.hdf,2024-03-28 09:35,61,116537,N,-55.8824187693347,77.8721428589783,54.3367263016678,-123.887785240109,-125.290689440694,-55.8804487047426,-82.1076117715114,-120.284069973248,77.6768734075463,67.6498092149005,54.1286164575953,59.460694750909
MYD03.A2024088.0940.061.2024088114429.NRT.hdf,2024-03-28 09:40,61,116537,N,-82.6742629348368,59.9384880926655,38.0249806389421,-121.56187781528,-120.812321484513,-82.6729804749682,-94.4209956814806,-121.571702840122,59.9390665311695,54.4016509008195,37.8997288724983,41.6198641452745
MYD03.A2024088.0945.061.2024088114400.NRT.hdf,2024-03-28 09:45,61,116537,N,-94.8665456674308,42.0114154766274,20.6484969944032,-123.991081345472,-121.859152482631,-94.8625652901804,-101.606702962029,-124.014770362006,42.0341732752583,38.0919373337991,20.57839609747,23.6780432332956
MYD03.A2024088.0950.061.2024088114502.NRT.hdf,2024-03-28 09:50,61,116537,N,-101.925160716846,23.9611777928443,2.92679279850271,-127.163767337171,-124.13530722253,-101.923849058765,-106.53842216269,-127.182566706816,23.9947805316243,20.7173527486167,2.91145117286287,5.86612754432212
MYD03.A2024088.0955.061.2024088114508.NRT.hdf,2024-03-28 09:55,61,116537,N,-106.630560562598,6.02670576643253,-14.9623054227716,-131.309547667324,-127.24012704941,-106.580140755188,-110.162672545774,-131.315919983498,6.05639416874086,2.99173393969142,-15.0144702148036,-11.8437414849126
MYD03.A2024088.1000.061.2024088114504.NRT.hdf,2024-03-28 10:00,61,116537,N,-110.149041529536,-11.7739787633652,-32.8933926039624,-137.062867828419,-131.30916210308,-109.922563122398,-112.850481479472,-137.07070751656,-11.7544884233693,-14.9126796739506,-33.0794802836416,-29.3296142910157
MYD03.A2024088.1005.061.2024088114442.NRT.hdf,2024-03-28 10:05,61,116537,N,-112.820642376076,-29.2568393523961,-50.7795698219486,-146.121547322668,-137.042121381919,-112.412405572842,-114.620453959896,-146.231455307123,-29.2434425208579,-32.8360105671105,-51.0839199872951,-46.1178796058855
MYD03.A2024088.1010.061.2024088114613.NRT.hdf,2024-03-28 10:10,61,116537,N,-114.199442816971,-46.0847865407192,-68.6289462464844,-163.568833122996,-146.075065000007,-113.936579308801,-114.20829445172,-163.870581501814,-46.0763588692286,-50.7023147755186,-68.9579567992124,-61.1695495496459
MYD03.A2024088.1015.061.2024088114819.NRT.hdf,2024-03-28 10:15,61,116537,N,-88.1542893656655,-61.2371454114148,-86.487289431108,156.851872267535,-163.465228604909,-113.244778032575,-84.8491436654181,156.681193758536,-61.2342738569941,-68.4525235260033,-86.0970474284812,-70.3373797789584
MYD03.A2024088.1020.061.2024088115312.NRT.hdf,2024-03-28 10:20,61,116537,B,180,-66.1368479258293,-89.9905206863489,-180,157.077200312901,-85.5550041857968,44.5950056440117,108.087596034079,-70.6666625394488,-85.4769347511214,-75.0487611909758,-65.8436170882154
MYD03.A2024088.1025.061.2024088114839.NRT.hdf,2024-03-28 10:25,61,116537,D,107.665198101945,-52.4384809005054,-75.7036582788082,44.2160608090585,107.667076108433,42.9082362769011,46.868312060464,84.0909877383032,-66.1841252091182,-75.511093222119,-57.3718793402166,-52.2179848067414
MYD03.A2024088.1030.061.2024088114630.NRT.hdf,2024-03-28 10:30,61,116537,D,83.4712654554068,-36.0732604597073,-57.8447030711867,45.6130734418851,83.4724833790408,46.493693633495,45.6015244315863,72.5439015430196,-52.5059344203494,-57.8492047329409,-39.5893999536409,-35.9351870716567
MYD03.A2024088.1035.061.2024088114503.NRT.hdf,2024-03-28 10:35,61,116537,D,72.0395235726781,-18.6998996393364,-39.9802403433922,43.2526090899091,72.0433522722205,45.481986602648,43.2289701476968,65.6113065253657,-36.1452077537725,-40.0014385352559,-21.6899383779526,-18.6229055957745
MYD03.A2024088.1040.061.2024088114512.NRT.hdf,2024-03-28 10:40,61,116538,D,65.2460317346486,-0.991204322321277,-21.9642282887024,40.087867487717,65.2514547014573,43.2245232289678,40.0715292549842,60.7880704511331,-18.7722897076325,-21.9860419961484,-3.89789391889932,-0.959096038236341
MYD03.A2024088.1045.061.2024088114533.NRT.hdf,2024-03-28 10:45,61,116538,D,60.5782985654392,16.916253521992,-4.03734728257608,35.9054746069199,60.5847812647928,40.0928465905225,35.8644542677482,57.0858805207988,-1.0611894150274,-4.05604018188798,13.8366458795504,16.985921096644
MYD03.A2024088.1050.061.2024088114545.NRT.hdf,2024-03-28 10:50,61,116538,D,57.0644035193818,34.8836245704617,13.7739178435029,29.977298935232,57.2015847915491,35.9209487790608,29.8883964329866,54.311066308472,16.855611369799,13.7586642950983,31.3241096450324,35.0817104490405
MYD03.A2024088.1055.061.2024088114456.NRT.hdf,2024-03-28 10:55,61,116538,D,54.3435630342291,52.8352873435432,31.278070115011,20.429294013491,54.7061824756779,29.9998099711032,20.1958893603987,52.5122744601023,34.8273524354198,31.2640555394725,48.0918662207746,53.1433447323381
MYD03.A2024088.1100.061.2024088114513.NRT.hdf,2024-03-28 11:00,61,116538,D,53.0380680176888,70.7628774334703,48.1058179365292,1.28663581511285,53.1613355571389,20.4789254589121,0.896920317402965,53.0346524382634,52.7584648663702,48.0960145676058,62.9294967910459,71.0929074067658
MYD03.A2024088.1105.061.2024088131349.NRT.hdf,2024-03-28 11:05,61,116538,D,103.921662643182,88.7080446353284,63.0488651953631,-42.3668414987299,54.1525843478719,1.3923617188486,-42.4271616922488,112.671163712319,70.5909685078639,63.0467040809809,70.8964294275873,87.6539808902269
MYD03.A2024088.1110.061.2024088132647.NRT.hdf,2024-03-28 11:10,61,116538,B,180,89.9948147262492,64.8629771355913,-180,105.921853108106,-42.1414078144057,-89.1865910788436,-146.186267444815,87.0875657437932,71.2883618830288,64.6077048408094,72.8112749248713
MYD03.A2024088.1115.061.2024088132301.NRT.hdf,2024-03-28 11:15,61,116538,N,-89.6280257007388,73.3997456746751,50.4302708524612,-146.446065880688,-147.474127662791,-89.6257344873112,-110.674641696659,-145.146338168556,73.2900871935587,64.9112772392393,50.2417655239726,55.0148190039931
MYD03.A2024088.1120.061.2024088132255.NRT.hdf,2024-03-28 11:20,61,116538,N,-111.231408523935,55.4718111314708,33.7693766185574,-146.79362109297,-145.591901286603,-111.228809969045,-121.225176122634,-146.808817983767,55.4858002860554,50.4962310362961,33.6671484483143,37.1648145407367
MYD03.A2024088.1125.061.2024088131932.NRT.hdf,2024-03-28 11:25,61,116538,N,-121.608896965092,37.5348870582777,16.2497668133112,-149.393404595419,-147.023386493597,-121.604417045857,-127.663050852505,-149.417594439984,37.5610523874885,33.8366527773885,16.1979892317318,19.2277281826666
MYD03.A2024088.1130.061.2024088131936.NRT.hdf,2024-03-28 11:30,61,116538,N,-127.913196325705,19.4820587126588,-1.52525952005781,-152.777263572762,-149.518975774014,-127.907264408964,-132.201514543345,-152.791493828936,19.5127287036824,16.318624392027,-1.53876791729446,1.44523183266559
MYD03.A2024088.1135.061.2024088131924.NRT.hdf,2024-03-28 11:35,61,116538,N,-132.289257200216,1.56922027980266,-19.4351390922929,-157.242067552356,-152.837806897199,-132.194318617986,-135.597207059818,-157.248721359633,1.5975530070788,-1.4658935578223,-19.521381907308,-16.2429764520089
MYD03.A2024088.1140.061.2024088131927.NRT.hdf,2024-03-28 11:40,61,116538,N,-135.577746069437,-16.1733593862594,-37.3613813379979,-163.592490297431,-157.226280613721,-135.306930208951,-138.081507819575,-163.608430218269,-16.1572178876579,-19.3856604765467,-37.5789237294224,-33.605708220491
MYD03.A2024088.1145.061.2024088131942.NRT.hdf,2024-03-28 11:45,61,116538,N,-138.047342142138,-33.535463658743,-55.2290648983595,-174.029824952236,-163.567561936215,-137.588780357093,-139.525584052955,-174.180175499686,-33.5232612834744,-37.3000317183315,-55.5581357041757,-50.1084881462559
MYD03.A2024088.1150.061.2024088132204.NRT.hdf,2024-03-28 11:50,61,116538,N,-137.78712302634,-50.0926171569433,-73.0824003871359,164.643788287071,-173.973919942566,-138.76510243743,-137.739470003776,164.300861644778,-50.0855958497092,-55.1431629329736,-73.3785053755103,-64.3105392912395
MYD03.A2024088.1155.061.2024088132717.NRT.hdf,2024-03-28 11:55,61,116538,N,180,-64.4233528792607,-89.9887280981054,-180,164.774165643831,-136.687737008866,-29.0009174293512,118.459715464245,-64.4217322321469,-72.8453926070663,-87.1986262081023,-70.6080431682132
MYD03.A2024088.1200.061.2024088132640.NRT.hdf,2024-03-28 12:00,61,116538,B,118.606075420716,-63.1938207723844,-89.108362999159,-39.3095809941089,118.607822741338,-41.7580814172759,21.1989969163558,75.3638262943863,-71.0025658210475,-87.0487352877693,-70.6513983559672,-62.933112697154
MYD03.A2024088.1205.061.2024088132155.NRT.hdf,2024-03-28 12:05,61,116538,D,74.8790012639894,-48.4967970537882,-71.2497536797917,20.9853629347156,74.8807010428561,20.2171779001024,22.0252878658723,55.8186870680932,-63.2495438030515,-71.1443082192545,-52.9388732008407,-48.2993651877571
MYD03.A2024088.1210.061.2024088132030.NRT.hdf,2024-03-28 12:10,61,116538,D,55.2194765055946,-31.8200937338358,-53.3949454962727,20.4223760839866,55.2214359953668,21.7430550250823,20.4057994097499,45.8486689906373,-48.565606669458,-53.4091016600137,-35.1504770762895,-31.6988970671634
MYD03.A2024088.1215.061.2024088131938.NRT.hdf,2024-03-28 12:15,61,116538,D,45.3771736491744,-14.3130767034459,-35.5142157723328,17.8780556805074,45.3814817363347,20.3493749854481,17.8543170316152,39.5794310634856,-31.8923270650189,-35.5353794602484,-17.2463661210377,-14.24718616417
MYD03.A2024088.1220.061.2024088132016.NRT.hdf,2024-03-28 12:20,61,116539,D,39.2437073750964,3.45967122216437,-17.4878825064872,14.4783713768136,39.2498100715139,17.8516885179599,14.4654821629074,35.0878671065442,-14.385244821211,-17.5085790161076,0.52523165685062,3.48448415831664
MYD03.A2024088.1225.061.2024088132012.NRT.hdf,2024-03-28 12:25,61,116539,D,34.9078468833142,21.3949289271679,0.42187480504735,9.94779618245726,34.9360784441798,14.4851479125911,9.90217053662935,31.6026765432829,3.39248565621216,0.402814963970979,18.2382083143074,21.4933644091721
MYD03.A2024088.1230.061.2024088132012.NRT.hdf,2024-03-28 12:30,61,116539,D,31.6222502525288,39.3643033344403,18.1773687425868,3.38812403722983,31.7970194623109,9.9651683878688,3.25728587444036,29.0470285649493,21.3353635451821,18.1620748527194,35.5978991354994,39.591761055214
MYD03.A2024088.1235.061.2024088132035.NRT.hdf,2024-03-28 12:35,61,116539,D,29.0932853851715,57.3035463560892,35.5655484147365,-7.72570796731284,29.5192059748669,3.41469282912702,-7.97810955069861,27.5957607176063,39.305934222885,35.5530603178274,52.0682147107909,57.6343318237462
MYD03.A2024088.1240.061.2024088132028.NRT.hdf,2024-03-28 12:40,61,116539,D,29.6602140863953,75.2391915451869,52.0902565355408,-31.3551834631623,28.3327858626251,-7.66864914851749,-31.7716314697483,29.7286092422519,57.2186921201654,52.0839646891151,65.9137603027362,75.5333378380771
MYD03.A2024088.1245.061.2024088145236.NRT.hdf,2024-03-28 12:45,61,116539,D,180,89.9925298293259,66.0849794154954,-180,31.0639886465657,-31.2218721655743,-80.9376615097684,167.312565887511,75.00326015412,66.0839102189124,70.6488598694816,85.7684269288434
MYD03.A2024088.1250.061.2024088145633.NRT.hdf,2024-03-28 12:50,61,116539,B,-80.9266064172381,86.8658703036996,61.6540589396901,162.971247099637,158.950728605058,-80.9246824309382,-120.976305124818,-170.021035557913,85.9797410205591,71.0172431341472,61.3896169459914,68.3858110337094
MYD03.A2024088.1255.061.2024088145500.NRT.hdf,2024-03-28 12:55,61,116539,N,-121.545566613473,68.9236356959427,46.3858929262542,-170.171180154997,-170.950451825253,-121.543954075902,-138.612675747009,-170.119323071135,68.8673617344867,61.7081462622885,46.224946637706,50.5627518018852
MYD03.A2024088.1300.061.2024088145506.NRT.hdf,2024-03-28 13:00,61,116539,N,-139.120686940699,51.0020934342993,29.467417378285,-172.049288163519,-170.483105365975,-139.117871992488,-147.760279727264,-172.068920903981,51.0191367117005,46.4535806592206,29.3764245128158,32.7095685882389
MYD03.A2024088.1305.061.2024088145401.NRT.hdf,2024-03-28 13:05,61,116539,N,-148.123624309423,33.0517638226223,11.8353316741087,-174.843956246587,-172.249128273152,-148.118738844676,-153.616389269419,-174.867280276536,33.0798813074407,29.5351324061079,11.7946918002758,14.7799250511192
MYD03.A2024088.1310.061.2024088145401.NRT.hdf,2024-03-28 13:10,61,116539,N,-153.826713712254,15.0020409666474,-5.98895260404076,-178.456412874384,-174.952161743152,-153.820502163038,-157.840166541365,-178.46537779812,15.0329352648613,11.9046888851312,-5.99540476917207,-2.97160557323783
MYD03.A2024088.1315.061.2024088145403.NRT.hdf,2024-03-28 13:15,61,116539,N,-157.884205971502,-2.88177306393458,-23.9124926255947,176.713995443458,-178.498746816656,-157.744952684894,-160.983097159548,176.707084870143,-2.85557781001802,-5.93373358885572,-24.0323162993606,-20.6239884012397
MYD03.A2024088.1320.061.2024088145402.NRT.hdf,2024-03-28 13:20,61,116539,N,-160.958123375684,-20.5545915157904,-41.8299003917406,169.641115853255,176.732107686423,-160.642189494024,-163.253813080932,169.599845466527,-20.5393339387074,-23.8619914836358,-42.0776647674826,-37.8338855986546
MYD03.A2024088.1325.061.2024088145351.NRT.hdf,2024-03-28 13:25,61,116539,N,-163.216837375178,-37.7715676421293,-59.6847382702444,157.44463749198,169.670770914705,-162.702602289251,-164.278227838202,157.247791068591,-37.7605732090132,-41.7637622922107,-60.0272369894106,-53.9766624446069
MYD03.A2024088.1330.061.2024088145654.NRT.hdf,2024-03-28 13:30,61,116539,N,-160.156843031256,-53.9830823595696,-77.5418134744826,131.141454773809,157.513157864267,-163.431867750013,-159.965399841414,130.754021227223,-53.9775745578808,-59.5803962825819,-77.7699762245028,-67.0047725982391
MYD03.A2024088.1335.061.2024088150147.NRT.hdf,2024-03-28 13:35,61,116539,N,180,-67.1935073225204,-89.9875989739421,-180,131.304259623325,-158.765945770725,-16.8122824224776,80.5149555758598,-67.1927989041154,-77.2050991602415,-83.670415634126,-69.8891868676624
MYD03.A2024088.1340.061.2024088145806.NRT.hdf,2024-03-28 13:40,61,116539,B,80.3971514886153,-59.862914517501,-84.6494285878873,-19.0351425308534,80.3991348638537,-22.0679759267829,-2.80024613078484,44.2311394241887,-70.2748144660245,-83.9962535037443,-66.2404559484341,-59.6179028324811
MYD03.A2024088.1345.061.2024088145520.NRT.hdf,2024-03-28 13:45,61,116539,D,43.6879401356619,-44.4423079500396,-66.7906200734337,-2.94758212389858,43.689459088599,-3.47488153407655,-2.94196811757016,28.0908998232408,-59.924295457228,-66.7388137218899,-48.5018611352899,-44.2660334163171
MYD03.A2024088.1350.061.2024088145405.NRT.hdf,2024-03-28 13:50,61,116539,D,27.5180095264453,-27.5252215370907,-48.9390498196272,-4.82558284151525,27.5206670068796,-3.15513013129175,-4.84607303685674,19.3674913958491,-44.5118822192618,-48.9563409045488,-30.7053012851682,-27.413831028724
MYD03.A2024088.1355.061.2024088145511.NRT.hdf,2024-03-28 13:55,61,116539,D,18.9048719004371,-9.8979932925812,-31.0397513563753,-7.59529046656487,18.9080129737693,-4.90090890104564,-7.61782721651533,13.625939684832,-27.5974983767543,-31.0648570659493,-12.802098207129,-9.84920159113317
MYD03.A2024088.1400.061.2024088145437.NRT.hdf,2024-03-28 14:00,61,116540,D,13.3596545707935,7.92897804215398,-13.0130333911081,-11.2204556386388,13.365024067517,-7.59051017300343,-11.2264835639155,9.46045274391549,-9.97035027887124,-13.0326965990176,4.94482047464093,7.94523313431419
MYD03.A2024088.1405.061.2024088145435.NRT.hdf,2024-03-28 14:05,61,116540,D,9.33195818827673,25.8801092667389,4.87326721363678,-16.1389879763074,9.37918369649543,-11.2121622210153,-16.2038437056701,6.19854145820965,7.86381337543185,4.85509076965827,22.6171447132552,26.0121194350083
MYD03.A2024088.1410.061.2024088145420.NRT.hdf,2024-03-28 14:10,61,116540,D,6.2247513247012,43.8484489172782,22.561696377657,-23.4951802497103,6.48625000906082,-16.1186306326535,-23.6477927389874,3.89823524339067,25.824149629922,22.5455097528278,39.8218819835992,44.1031461398643
MYD03.A2024088.1415.061.2024088145419.NRT.hdf,2024-03-28 14:15,61,116540,D,3.93719413830341,61.7783770420707,39.7981283870423,-36.5901708280325,4.40024036250162,-23.4651665786203,-36.9051819975121,2.84890261109177,43.7849217259693,39.7875808258316,55.8921318391118,62.121936224637
MYD03.A2024088.1420.061.2024088162601.NRT.hdf,2024-03-28 14:20,61,116540,D,7.95701485290125,79.7187744616139,55.9465663037113,-65.971474738305,3.68509138743252,-36.517182679868,-66.3551820877737,8.2349130312764,61.6757510030507,55.9417540450413,68.3695679590186,79.9393692411948
MYD03.A2024088.1425.061.2024088163818.NRT.hdf,2024-03-28 14:25,61,116540,D,180,89.9894115445956,68.5961062268916,-180,9.84203879465638,-65.8041301149575,-118.460298989575,157.968766110612,79.3736566881823,68.5953844409003,69.3967547052257,81.6211545077895
MYD03.A2024088.1430.061.2024088163352.NRT.hdf,2024-03-28 14:30,61,116540,B,-118.701837307173,82.3868897007934,58.1228163978534,156.828715942498,154.623313062684,-118.699793216934,-151.442613734455,165.645862914542,82.0244823729837,69.7718688606708,57.8874179201478,63.9436184832472
MYD03.A2024088.1435.061.2024088163353.NRT.hdf,2024-03-28 14:35,61,116540,N,-152.019085052071,64.4456575021955,42.2549343457797,164.812752467568,164.916901217152,-152.017649193957,-166.069960674357,164.810700153133,64.4232762495937,58.181424156737,42.1125762062438,46.1077721910449
MYD03.A2024088.1440.061.2024088163243.NRT.hdf,2024-03-28 14:40,61,116540,N,-166.548759787007,46.5244596690065,25.1263135018619,162.643901740215,164.510577370425,-166.545329890595,-174.119539089805,162.621369442844,46.5451742678692,42.3232624371165,25.0496276127939,28.2498067133685
MYD03.A2024088.1445.061.2024088163230.NRT.hdf,2024-03-28 14:45,61,116540,N,-174.445457010529,28.5646906610238,7.48816832848951,159.672923245088,162.476049562469,-174.440190446264,-179.451957240874,159.65151647658,28.5939000671536,25.1945299033042,7.45773641359133,10.4217010454144
MYD03.A2024088.1450.061.2024088163228.NRT.hdf,2024-03-28 14:50,61,116540,N,-179.62319067845,10.6135017255263,-10.4617243601644,155.791062593172,159.576423676298,-179.612598188017,176.576974848185,155.784995708652,10.6443132112676,7.55882317572396,-10.4804721693309,-7.39580509466262
MYD03.A2024088.1455.061.2024088163225.NRT.hdf,2024-03-28 14:55,61,116540,N,176.580219462648,-7.32248319131076,-28.3913137568826,150.544760003287,155.774535549816,176.763859121146,173.681152371999,150.536858658274,-7.30036756834517,-10.4091615833529,-28.5444456969689,-24.981759609359
MYD03.A2024088.1500.061.2024088163228.NRT.hdf,2024-03-28 15:00,61,116540,N,173.711307069041,-24.9128032133843,-46.296393488391,142.578076252692,150.564625220787,174.074367083643,171.645877496331,142.517047117052,-24.8991697337692,-28.3387717059853,-46.5741092460777,-42.0070822782222
MYD03.A2024088.1505.061.2024088163314.NRT.hdf,2024-03-28 15:05,61,116540,N,171.685095571296,-41.9520513446082,-64.1436560114218,128.109296949324,142.613996150243,172.258768625747,171.196065838341,127.861647733544,-41.9422780370695,-46.2245285810817,-64.4867731300443,-57.6768281726077
MYD03.A2024088.1510.061.2024088163603.NRT.hdf,2024-03-28 15:10,61,116540,N,-179.423089894454,-57.7115872115205,-82.0027862313447,95.6200949024049,128.193548410257,172.141792154777,-178.759260459088,95.2665641815085,-57.7073687050786,-64.0091031999981,-82.0818527055099,-69.0761702116322
MYD03.A2024088.1515.061.2024088164034.NRT.hdf,2024-03-28 15:15,61,116540,B,180,-68.569575969106,-89.987894999898,-180,95.8204339511179,-177.302997873776,-33.0601622641035,43.9732338632009,-69.3523491390742,-81.4684313092774,-79.415973551238,-68.2541642366565
MYD03.A2024088.1520.061.2024088163652.NRT.hdf,2024-03-28 15:20,61,116540,D,43.6756212592126,-56.2583118430739,-80.1895119501803,-33.8892822025626,43.6907888481214,-35.4666521884692,-27.2087023741163,14.3425046538003,-68.5996737633133,-79.8652467688586,-61.81653957301,-56.0224092318462
MYD03.A2024088.1525.061.2024088163355.NRT.hdf,2024-03-28 15:25,61,116540,D,13.7477612923488,-40.3035855156917,-62.3310700519617,-28.0013426904265,13.7491180137808,-27.7053112008495,-28.0057878107356,0.788471267798374,-56.3237695630825,-62.3139122443724,-44.0622378850754,-40.1469657950255
MYD03.A2024088.1530.061.2024088163311.NRT.hdf,2024-03-28 15:30,61,116540,D,0.245558002472513,-23.1811655704203,-44.4764746116653,-30.1272581443699,0.248800725669998,-28.1641979584305,-30.1501259493322,-6.93765428936088,-40.3737396741565,-44.496033534396,-26.2569093498542,-23.0903163480093
MYD03.A2024088.1535.061.2024088163316.NRT.hdf,2024-03-28 15:35,61,116540,D,-7.33951132139953,-5.55447678882831,-26.5618786561478,-33.0799508284607,-7.33443579259783,-30.1749437990702,-33.0997933868646,-12.1662024203437,-23.2535884082118,-26.5843144131044,-8.45244354639525,-5.51225427103879
MYD03.A2024088.1540.061.2024088163309.NRT.hdf,2024-03-28 15:40,61,116541,D,-12.419718543871,12.404381460874,-8.62608757606431,-36.9881630578166,-12.413461348947,-33.0748966263802,-37.0036461765433,-16.125042446155,-5.62456268599805,-8.64523586092195,9.38281604153906,12.4467845627182
MYD03.A2024088.1545.061.2024088163302.NRT.hdf,2024-03-28 15:45,61,116541,D,-16.1987479267256,30.3688732703059,9.31466209601372,-42.3650021888705,-16.0927306705265,-36.9786448312455,-42.4467443351851,-19.1255038715481,12.3449741597761,9.29731394411147,26.9708038485854,30.5335662517943
MYD03.A2024088.1550.061.2024088163251.NRT.hdf,2024-03-28 15:50,61,116541,D,-19.0942049372223,48.3281643249404,26.9209208382432,-50.6905356943306,-18.8013158457184,-42.3424358622144,-50.8795070216733,-21.2118032619005,30.3106923603258,26.9070928351567,43.9834794214255,48.6119187430435
MYD03.A2024088.1555.061.2024088163305.NRT.hdf,2024-03-28 15:55,61,116541,D,-21.171132284583,66.2559416237115,43.9741782018984,-66.3860890075268,-20.6459885838742,-50.654506539768,-66.7477408535853,-21.6535285018115,48.2598873515822,43.9650308388172,59.5312072849737,66.5995758866627
MYD03.A2024088.1600.061.2024088174654.NRT.hdf,2024-03-28 16:00,61,116541,D,-8.58473840503677,84.1989119043446,59.6177847370489,-102.684987829298,-20.6885188717994,-66.2952269633285,-102.95203462286,-7.4085771625679,66.1246107701491,59.6142192789123,70.0968385945671,84.2259751025691
MYD03.A2024088.1605.061.2024088175435.NRT.hdf,2024-03-28 16:05,61,116541,B,180,89.9910236793417,67.6503389992779,-180,-5.78752043676847,-102.483292123471,-154.137542041555,137.867472979259,83.6123446140764,70.3812666719957,67.308414884415,77.2577908072491
MYD03.A2024088.1610.061.2024088175042.NRT.hdf,2024-03-28 16:10,61,116541,N,-154.580708631799,77.9073756835235,54.3683300570629,137.371431060826,135.978911539286,-154.57873626428,179.147326312945,140.987420101706,77.7146950102675,67.6834802549023,54.1653670503061,59.4936192985635
MYD03.A2024088.1615.061.2024088175039.NRT.hdf,2024-03-28 16:15,61,116541,N,178.601794985452,59.9690022613928,38.0513809607593,139.674097955405,140.411847396816,178.603199872271,166.840620251773,139.664410283994,59.9685827691482,54.4296714474774,37.9278333685612,41.6487303645168
MYD03.A2024088.1620.061.2024088174845.NRT.hdf,2024-03-28 16:20,61,116541,N,166.399248111768,42.0439367622579,20.7550858039802,137.286877712836,139.413215330372,166.403172671604,159.680544280681,137.262993090202,42.0675114217695,38.1203331488853,20.6913359765058,23.7935177768282
MYD03.A2024088.1625.061.2024088174833.NRT.hdf,2024-03-28 16:25,61,116541,N,159.392215268622,24.077532442311,3.04162452912552,134.116417868132,137.139928820817,159.397834750193,154.771506625783,134.098028534635,24.1077617570775,20.8236080914163,3.02012396082408,5.98301399238605
MYD03.A2024088.1630.061.2024088174833.NRT.hdf,2024-03-28 16:30,61,116541,N,154.641249838116,6.14131939931059,-14.9373946506218,129.953453489822,134.036801605058,154.69705465429,151.089618568524,129.947124066455,6.17137112651081,3.10549507644391,-14.9907601302119,-11.8205533373463
MYD03.A2024088.1635.061.2024088174816.NRT.hdf,2024-03-28 16:35,61,116541,N,151.099638199801,-11.747264666553,-32.8670454915778,124.205639770913,129.956713379236,151.317813978145,148.38564842647,124.198331473421,-11.7288070795741,-14.8853949809519,-33.0524771380149,-29.3054398220022
MYD03.A2024088.1640.061.2024088174828.NRT.hdf,2024-03-28 16:40,61,116541,N,148.421513084763,-29.236654310465,-50.7561829358378,115.145450078151,124.229773089796,148.843252803278,146.633061766182,115.048075557505,-29.2231952406839,-32.8120704112342,-51.0604574034865,-46.1010176624131
MYD03.A2024088.1645.061.2024088174934.NRT.hdf,2024-03-28 16:45,61,116541,N,147.012142892487,-46.0595528351514,-68.6032134326284,97.7119436974955,115.188883994259,147.295581172667,147.001646040245,97.4132175602828,-46.0511304599889,-50.6777654334592,-68.9331035088716,-61.1470762496074
MYD03.A2024088.1650.061.2024088175224.NRT.hdf,2024-03-28 16:50,61,116541,N,172.770248305585,-61.2179064298247,-86.4628124151392,58.1855740345219,97.8179193322652,147.967470303266,176.022644033094,58.0036646579601,-61.2146674629426,-68.4295983411317,-86.0848255046188,-70.3313406259277
MYD03.A2024088.1655.061.2024088175550.NRT.hdf,2024-03-28 16:55,61,116541,B,180,-66.1479547984412,-89.9865326209766,-180,58.4163374941863,176.183232884803,-54.4297064266365,9.37369133745314,-70.6749382146579,-85.4143128092085,-75.0636518818857,-65.8709046599347
MYD03.A2024088.1700.061.2024088175131.NRT.hdf,2024-03-28 17:00,61,116541,D,8.97205384309701,-52.4584393708287,-75.7293944612852,-54.8388074444203,8.97393100231803,-55.8731744636633,-51.8852951216425,-14.6311608193316,-66.1965810334175,-75.5435307532843,-57.3906676031822,-52.2383081862021
MYD03.A2024088.1705.061.2024088174917.NRT.hdf,2024-03-28 17:05,61,116541,D,-15.2419695878056,-36.0990467481318,-57.8724920224748,-53.1314723184783,-15.240750938541,-52.2527586588907,-53.1429851322412,-26.1822365728746,-52.5266865649215,-57.8768950678507,-39.6189322047301,-35.9608860999668
MYD03.A2024088.1710.061.2024088174904.NRT.hdf,2024-03-28 17:10,61,116541,D,-26.6919335696817,-18.8134330272374,-40.0084600183045,-55.4679540568502,-26.6881305818188,-53.2476757640711,-55.4933175094216,-33.0978045913386,-36.1693903472501,-40.0292567375694,-21.8078823699035,-18.7363714337929
MYD03.A2024088.1715.061.2024088174843.NRT.hdf,2024-03-28 17:15,61,116542,D,-33.4624669746038,-1.10819473254464,-22.0812597589053,-58.6381859580994,-33.4570498255828,-55.5070929791997,-58.6542944584357,-37.929674613761,-18.8858909902822,-22.1028893357649,-4.01665078540116,-1.07563156621616
