# MODIS Aqua GEOGRAPHIC METADATA TEXT FILE day 2024-03-26
# NFiles = 212, max geo IngestTime = 2024-03-26 19:56:50.101946
# GranuleID,StartDateTime,ArchiveSet,OrbitNumber,DayNightFlag,EastBoundingCoord,NorthBoundingCoord,SouthBoundingCoord,WestBoundingCoord,GRingLongitude1,GRingLongitude2,GRingLongitude3,GRingLongitude4,GRingLatitude1,GRingLatitude2,GRingLatitude3,GRingLatitude4
MYD03.A2024086.0000.061.2024086015812.NRT.hdf,2024-03-26 00:00,61,116502,N,78.0349951369982,72.786158979364,49.8795640838026,22.486046843222,21.4998164578067,78.0367716074277,57.6004800224107,23.5727296878856,72.684954591513,64.4940815343609,49.6970452882657,54.4059275999585
MYD03.A2024086.0005.061.2024086015434.NRT.hdf,2024-03-26 00:05,61,116502,N,57.0617897272667,54.8577451363521,33.1977018355446,21.8858152732256,23.1431037010051,57.0634017767746,47.2751554645973,21.8704611194731,54.8711683125797,49.9433559269876,33.0873614481563,36.5634584701425
MYD03.A2024086.0010.061.2024086015428.NRT.hdf,2024-03-26 00:10,61,116502,N,46.8478918874265,36.9239867903319,15.7350907289307,19.277760992492,21.6713444145005,46.872735797398,40.9243826987826,19.2535046579549,36.9522359702165,33.2551446569189,15.6873762909869,18.7079915414198
MYD03.A2024086.0015.061.2024086015503.NRT.hdf,2024-03-26 00:15,61,116502,N,40.6924391488072,18.958642335543,-2.04258905957039,15.8654812617962,19.1502937699599,40.6984197535254,36.4386116960111,15.8510458294029,18.9887527359127,15.804138452492,-2.05723371735282,0.931094469188002
MYD03.A2024086.0020.061.2024086015633.NRT.hdf,2024-03-26 00:20,61,116502,N,36.3425345730877,1.0498331110844,-19.9531468663982,11.352928590885,15.7988403359522,36.4386686932932,33.054866402782,11.3462365877199,1.07980870956284,-1.98356451482892,-20.0429379380494,-16.751873974803
MYD03.A2024086.0025.061.2024086015314.NRT.hdf,2024-03-26 00:25,61,116502,N,33.0742124913123,-16.6822049294824,-37.9668365178251,4.88422232092364,11.3699238117477,33.3740719744252,30.6036739814684,4.8704012124624,-16.6635341551132,-19.9059492213731,-38.1859702780367,-34.1800473855297
MYD03.A2024086.0030.061.2024086015337.NRT.hdf,2024-03-26 00:30,61,116502,N,30.6424394515017,-34.1131654224597,-55.83169438831,-5.76213579702305,4.91286932714084,31.1073054990714,29.2164951977221,-5.91947476099087,-34.1011284860391,-37.9061226972421,-56.1631438712368,-50.639256742089
MYD03.A2024086.0035.061.2024086015551.NRT.hdf,2024-03-26 00:35,61,116502,N,30.9921451431786,-50.6220723939617,-73.6837650930628,-27.697249701772,-5.70730229270582,29.8806312932002,31.0474387181326,-28.044562649414,-50.6152099959857,-55.7440219808939,-73.9797721726092,-64.6991044502677
MYD03.A2024086.0040.061.2024086020609.NRT.hdf,2024-03-26 00:40,61,116502,N,180,-64.8240351974457,-89.9907319994172,-180,-27.5518918648121,32.283283753191,149.218830444159,-74.6281761471307,-64.8191725802341,-73.4395432576518,-86.8659783477292,-70.5648577536318
MYD03.A2024086.0045.061.2024086020413.NRT.hdf,2024-03-26 00:45,61,116502,B,-74.4954526236128,-62.7638923131224,-88.5081944227905,140.825711230718,-74.4922792235249,137.279044311021,-169.953683732691,-116.759273309079,-70.9168805020198,-86.8115955495562,-70.0624014355283,-62.4741578784482
MYD03.A2024086.0050.061.2024086015924.NRT.hdf,2024-03-26 00:50,61,116502,D,-117.336868782382,-47.9562854405613,-70.6490775662842,-170.169480346103,-117.335194208611,-170.863610251133,-169.260484055586,-135.871867968247,-62.8209937443373,-70.5532812565896,-52.3403890164866,-47.7610970221686
MYD03.A2024086.0055.061.2024086015408.NRT.hdf,2024-03-26 00:55,61,116502,D,-136.463186992406,-31.2446336423638,-52.7952551455536,-170.894440003831,-136.461113841482,-169.5207042919,-170.911764571518,-145.652270648678,-48.0262664877946,-52.8098491098087,-34.5518915066462,-31.1252378524756
MYD03.A2024086.0100.061.2024086015436.NRT.hdf,2024-03-26 01:00,61,116502,D,-146.126006056465,-13.8042367020536,-34.9109281120445,-173.475947322044,-146.121683341084,-170.987072898413,-173.499459990781,-151.822184547134,-31.315115177471,-34.932948364118,-16.7368247957959,-13.741435586186
MYD03.A2024086.0105.061.2024086015638.NRT.hdf,2024-03-26 01:05,61,116503,D,-152.144683478314,3.97692459759648,-16.9738432053097,-176.889192436834,-152.138938288861,-173.485996845829,-176.900358798817,-156.269131348579,-13.8765660826567,-16.9945959656208,1.03673636770296,3.99987733823857
MYD03.A2024086.0110.061.2024086015423.NRT.hdf,2024-03-26 01:10,61,116503,D,-156.435079602609,21.9141026305829,0.935312137838243,178.537302091163,-156.413245730952,-176.882195519626,178.490264064971,-159.728295435426,3.90895030117918,0.917015657099706,18.7456996224206,22.0182468663034
MYD03.A2024086.0115.061.2024086032743.NRT.hdf,2024-03-26 01:15,61,116503,D,-159.706386498387,39.8853615107551,18.6852562942157,171.889349214173,-159.500688875195,178.555191315684,171.759460190963,-162.226708904672,21.8567675867711,18.6697095075186,36.0891130736251,40.1159211551978
MYD03.A2024086.0120.061.2024086032723.NRT.hdf,2024-03-26 01:20,61,116503,D,-162.190729753446,57.9095718451959,36.0563763549613,160.506174438212,-161.774393321921,171.914896329252,160.232673208727,-163.670223138393,39.8251985207901,36.0449742220553,52.592617326447,58.2458415646824
MYD03.A2024086.0125.061.2024086034151.NRT.hdf,2024-03-26 01:25,61,116503,D,-161.319353620803,75.8500619605084,52.6232851354039,136.18121824991,-162.925010614878,160.561242149381,135.75004914975,-161.234716340491,57.8258247830713,52.6171777854833,66.2832325198747,76.1370451742573
MYD03.A2024086.0130.061.2024086034636.NRT.hdf,2024-03-26 01:30,61,116503,D,180,89.9923212974245,66.4715012908661,-180,-159.85390511569,136.324176204407,85.9765125622551,-20.2675647548258,75.5991393694733,66.4705808009882,70.5474398881223,85.237492036106
MYD03.A2024086.0135.061.2024086034122.NRT.hdf,2024-03-26 01:35,61,116503,B,85.9564851885819,86.2559503113611,61.1873573309907,-23.6709442965584,-27.4488810692285,85.9584394882494,46.9160281305199,-1.20291892077879,85.4949184845879,70.9030819896798,60.9278113377447,67.7808692086346
MYD03.A2024086.0140.061.2024086033733.NRT.hdf,2024-03-26 01:40,61,116503,N,46.3409765315826,68.3158196283886,45.8311640624955,-1.43078400849251,-2.10908285469954,46.3425638642305,29.7357376772022,-1.42365704112879,68.2649600968186,61.245941606775,45.6728586829622,49.9595357942867
MYD03.A2024086.0145.061.2024086033717.NRT.hdf,2024-03-26 01:45,61,116503,N,29.2346767194416,50.3928169531651,28.8795367572994,-3.35672624557296,-1.73780035129917,29.2388120056801,20.7560641785627,-3.37577152918333,50.4103446093975,45.8963491203728,28.7905383051992,32.1016837680559
MYD03.A2024086.0150.061.2024086033706.NRT.hdf,2024-03-26 01:50,61,116503,N,20.3935413714453,32.4435501269418,11.3242217812123,-6.18506569029758,-3.57174923404699,20.3983495740813,14.9930814071683,-6.20795684467271,32.4706715251492,28.9496653489882,11.2847172207233,14.2694329679698
MYD03.A2024086.0155.061.2024086033723.NRT.hdf,2024-03-26 01:55,61,116503,N,14.7872758657577,14.4842954361373,-6.50457659267066,-9.83087086536905,-6.29764724436857,14.7934693988541,10.8032794962343,-9.83913941030048,14.5158771854156,11.3936225969643,-6.50943623222221,-3.47922638176924
MYD03.A2024086.0200.061.2024086033759.NRT.hdf,2024-03-26 02:00,61,116503,N,10.7710813018628,-3.39328940031516,-24.4269660320976,-14.7060566494878,-9.87142522856175,10.9147895050507,7.69591433335996,-14.7130099292121,-3.36726916462408,-6.44955953243366,-24.5509011189099,-21.1244617986706
MYD03.A2024086.0205.061.2024086033726.NRT.hdf,2024-03-26 02:05,61,116503,N,7.72164342745793,-21.0549719983511,-42.3419744663384,-21.8705273878478,-14.6875528896105,8.04136968707674,5.4511253764929,-21.9160418900303,-21.0397563843349,-24.3761158354348,-42.593056641226,-38.3133929200873
MYD03.A2024086.0210.061.2024086033757.NRT.hdf,2024-03-26 02:10,61,116503,N,5.4881916787057,-38.2523917570798,-60.2825815415675,-34.3780736935624,-21.8399420251639,6.0165963269836,4.48654333332744,-34.5858313885791,-38.2414702859201,-42.2752119856322,-60.6281381293774,-54.4829178843242
MYD03.A2024086.0215.061.2024086033948.NRT.hdf,2024-03-26 02:15,61,116503,N,8.78522667018344,-54.4896877271765,-78.1388797209722,-61.4822411554903,-34.3108004671433,5.21619193470225,9.00083236303108,-61.8330266676892,-54.4842256289763,-60.1763422929542,-78.3644602238543,-67.3187835910574
MYD03.A2024086.0220.061.2024086034820.NRT.hdf,2024-03-26 02:20,61,116503,N,180,-67.5000242322541,-89.9898773979551,-180,-61.3021059165361,10.5111002429268,153.732995503957,-112.402434493421,-67.4965916205933,-77.789545119608,-83.1229407704544,-69.6931430017718
MYD03.A2024086.0225.061.2024086034448.NRT.hdf,2024-03-26 02:25,61,116503,B,-112.527189584873,-59.3954129435174,-84.0537601207522,151.896855574807,-112.525195949604,149.066806154962,166.004740617334,-147.717343011754,-70.064560198102,-83.4630345389992,-65.6536307307668,-59.1276359721199
MYD03.A2024086.0230.061.2024086033828.NRT.hdf,2024-03-26 02:30,61,116503,D,-148.340596477283,-43.893225690278,-66.1927630138772,165.755227851382,-148.339100556516,165.355924496749,165.759295475062,-163.538661892012,-59.4574317866772,-66.146509670426,-47.9068098815633,-43.7191892201694
MYD03.A2024086.0235.061.2024086033740.NRT.hdf,2024-03-26 02:35,61,116503,D,-164.10308359617,-26.9412944559031,-48.3415817379633,163.850228463204,-164.100330604951,165.564059162874,163.829171753974,-172.110876431324,-43.9640927596232,-48.3591165536495,-30.1081649466068,-26.8374951782029
MYD03.A2024086.0240.061.2024086033735.NRT.hdf,2024-03-26 02:40,61,116504,D,-172.549555967683,-9.39058782226047,-30.4384006274174,161.069005616428,-172.544815825341,163.782063712469,161.046969868206,-177.742262894229,-27.0116581612251,-30.4607760799184,-12.294925486027,-9.33942611768532
MYD03.A2024086.0245.061.2024086033756.NRT.hdf,2024-03-26 02:45,61,116504,D,-178.02504633417,8.44276680847426,-12.4989348035273,157.412940645879,-178.019002877277,161.073424213872,157.407130704406,178.103280536435,-9.46291849965002,-12.5183394081711,5.45491138784059,8.46087440239129
MYD03.A2024086.0250.061.2024086033838.NRT.hdf,2024-03-26 02:50,61,116504,D,177.980534480605,26.3983672215189,5.38479161694234,152.442466832241,178.048405092318,157.421302553306,152.378616608462,174.886411161339,8.3801304604597,5.36704413999894,23.1218693032635,26.5352746306193
MYD03.A2024086.0255.061.2024086033805.NRT.hdf,2024-03-26 02:55,61,116504,D,174.913401756807,44.3651618173208,23.0664542275449,144.987147698086,175.165885833846,152.462733376321,144.829022880777,172.597555759158,26.3411335107445,23.0518889988958,40.3063344191778,44.6244780176295
MYD03.A2024086.0300.061.2024086033803.NRT.hdf,2024-03-26 03:00,61,116504,D,172.636493861188,62.3828712143195,40.2846126977709,131.56203309185,173.095439698154,145.017761149069,131.214416721679,171.579614654886,44.3008707565554,40.2745113902909,56.398659965994,62.7292305545268
MYD03.A2024086.0305.061.2024086050500.NRT.hdf,2024-03-26 03:05,61,116504,D,177.360280358401,80.3260141538472,56.4639007648055,101.278602645616,172.458553686101,131.624414101628,100.915045473097,177.692303801563,62.2801074003836,56.4591424884324,68.6633012284529,80.5305247100168
MYD03.A2024086.0310.061.2024086051743.NRT.hdf,2024-03-26 03:10,61,116504,B,180,89.9922965706126,68.8925043643326,-180,179.294236154921,101.457813801413,48.6753146865537,-32.3208778845796,79.9576976506407,68.8917948703475,69.1672351120695,81.0386850976758
MYD03.A2024086.0315.061.2024086051411.NRT.hdf,2024-03-26 03:15,61,116504,N,48.4155227868591,81.7797304576928,57.6258488913008,-33.3190200017688,-35.4906330650413,48.4175661926157,16.6190158583531,-25.6128514527497,81.4449367468851,69.5303517923682,57.3936493215983,63.3417854448924
MYD03.A2024086.0320.061.2024086051316.NRT.hdf,2024-03-26 03:20,61,116504,N,16.038546900621,63.8425784922157,41.6935567720393,-26.5023942113622,-26.3041820686858,16.0399605348424,2.33457500231228,-26.5055870984186,63.825011193447,57.6876825269645,41.5531162763728,45.5068124074677
MYD03.A2024086.0325.061.2024086051004.NRT.hdf,2024-03-26 03:25,61,116504,N,1.86150954910925,45.9193019640475,24.5391364204088,-28.6982525005547,-26.7960303889583,1.86425867262869,-5.58315308529699,-28.7210373830339,45.9409001564002,41.7598606847245,24.4646865453256,27.6489282269548
MYD03.A2024086.0330.061.2024086050953.NRT.hdf,2024-03-26 03:30,61,116504,N,-5.90589143778383,27.9630467761256,6.89265512774635,-31.6990864036213,-28.8676896021217,-5.90036990948234,-10.8557363307371,-31.7201849433744,27.9931590420846,24.6095022573962,6.86412940681091,9.82730272654968
MYD03.A2024086.0335.061.2024086051036.NRT.hdf,2024-03-26 03:35,61,116504,N,-11.0148926879574,10.0118524862591,-10.9727016002106,-35.5867131098127,-31.7814610167339,-11.0006734616426,-14.7625183245847,-35.5915802795873,10.041769594961,6.96109088732216,-10.9944888989191,-7.90209604457987
MYD03.A2024086.0340.061.2024086051023.NRT.hdf,2024-03-26 03:40,61,116504,N,-14.7579163671818,-7.82888030913873,-28.9014744247579,-40.8995237473781,-35.6136248566144,-14.5707297003505,-17.6351150374211,-40.9067163319505,-7.80529384426172,-10.9202446590087,-29.0590947484504,-25.473236804044
MYD03.A2024086.0345.061.2024086051024.NRT.hdf,2024-03-26 03:45,61,116504,N,-17.6044882191517,-25.4040190360666,-46.8031159252944,-48.967238445145,-40.8782084346066,-17.2390462335388,-19.6434189914966,-49.0442294098546,-25.3897191751629,-28.8483608776961,-47.0831306981259,-42.4717508135978
MYD03.A2024086.0350.061.2024086051046.NRT.hdf,2024-03-26 03:50,61,116504,N,-19.6036852479798,-42.4217214319128,-64.7387964874406,-63.8340819957542,-48.9305952796795,-19.01511779329,-20.0057442157334,-64.0936266020841,-42.4120681401155,-46.7305492048587,-65.0834251382822,-58.1548006050283
MYD03.A2024086.0355.061.2024086051312.NRT.hdf,2024-03-26 03:55,61,116504,N,-9.75016096961087,-58.1912940262613,-82.596388949018,-97.2867201531545,-63.7493875860035,-19.1494684699704,-8.96639008202224,-97.5708491711913,-58.1872273826996,-64.6010415938862,-82.6571853488515,-69.2933423845948
MYD03.A2024086.0400.061.2024086051751.NRT.hdf,2024-03-26 04:00,61,116504,B,180,-68.269255500876,-89.9889277523296,-180,-97.0776151695767,-7.52097659471732,136.533624010384,-148.649519020662,-69.5331232266557,-82.0474526527836,-78.8576975712361,-67.9296343529254
MYD03.A2024086.0405.061.2024086051255.NRT.hdf,2024-03-26 04:05,61,116504,D,-148.994487835606,-55.7627367832497,-79.5961358019744,135.830585485595,-148.992498316935,134.09868281701,141.556613315001,-177.50764247397,-68.3066454202459,-79.289115697764,-61.2331982995045,-55.5207425148998
MYD03.A2024086.0410.061.2024086051114.NRT.hdf,2024-03-26 04:10,61,116504,D,-178.137353496034,-39.746898490816,-61.7349005126836,140.691089517909,-178.136016623358,141.075391543421,140.685563612029,169.207505824383,-55.8282096076256,-61.7214186285912,-43.4686036049965,-39.5921845946257
MYD03.A2024086.0415.061.2024086051058.NRT.hdf,2024-03-26 04:15,61,116504,D,168.672534297612,-22.6007245696862,-43.8802328985379,138.541458632252,168.675864901436,140.541722858386,138.518205796405,161.603346991389,-39.8184449574581,-43.8999797160646,-25.6615774088917,-22.5117513825076
MYD03.A2024086.0420.061.2024086051047.NRT.hdf,2024-03-26 04:20,61,116505,D,161.201434606829,-4.95851873746819,-25.961514970011,135.558132150373,161.206559321646,138.493099235778,135.538617859325,156.427013037316,-22.6711142505009,-25.9838604504137,-7.85572275282905,-4.91793314530986
MYD03.A2024086.0425.061.2024086051038.NRT.hdf,2024-03-26 04:25,61,116505,D,156.184328390174,12.9167274582619,-8.02612879057252,131.635071687073,156.190611992193,135.567805200165,131.619035878706,152.524754639202,-5.03089292148007,-8.04501874455407,9.89101352964082,12.9620668020758
MYD03.A2024086.0430.061.2024086051049.NRT.hdf,2024-03-26 04:30,61,116505,D,152.453529815575,30.8837843004714,9.82311657123474,126.199330786401,152.566380847051,131.64502188079,126.117475606289,149.549901505533,12.8578860592005,9.80597206058644,27.4698636557531,31.0523960337272
MYD03.A2024086.0435.061.2024086051100.NRT.hdf,2024-03-26 04:35,61,116505,D,149.581391479273,48.8415581750312,27.4204312652164,117.773813148661,149.882307613754,126.223255337651,117.557287026447,147.494853687245,30.8255597553952,27.4068147935286,44.4573638296319,49.1282887449331
MYD03.A2024086.0440.061.2024086064130.NRT.hdf,2024-03-26 04:40,61,116505,D,147.535298214033,66.8581381448503,44.4579325086786,101.60099984172,148.078302798427,117.810959311537,101.256972699919,147.149564697437,48.7726533739974,44.4509917534464,60.0175220076367,67.2048703350055
MYD03.A2024086.0445.061.2024086065456.NRT.hdf,2024-03-26 04:45,61,116505,D,162.270825784121,84.802170916492,60.0979005297009,64.2997068873128,148.131015304618,101.686332663045,64.061876503416,163.752947096632,66.7248762583645,60.0948036326319,70.2665375903966,84.7790167981537
MYD03.A2024086.0450.061.2024086065906.NRT.hdf,2024-03-26 04:50,61,116505,B,180,89.992506856601,67.293747011575,-180,164.858424377592,64.5124886588227,13.2867803364923,-52.8509140171376,84.1729459007308,70.5548748897488,66.975373778897,76.6725590731187
MYD03.A2024086.0455.061.2024086065540.NRT.hdf,2024-03-26 04:55,61,116505,N,12.8490383444124,77.3028723359076,53.8478577461295,-53.2800851731633,-54.8629515818612,12.8509915766181,-12.6452508797824,-50.3042961745462,77.1158367560048,67.3339925869358,53.6428952229828,58.8995942759496
MYD03.A2024086.0500.061.2024086065331.NRT.hdf,2024-03-26 05:00,61,116505,N,-13.2093140405474,59.369970216714,37.4834750695646,-51.6503109244216,-50.8459183754118,-13.2079022469617,-24.7077462897135,-51.6608175787834,59.3732081178272,53.9129341017238,37.3623203957384,41.0507592324351
MYD03.A2024086.0505.061.2024086065317.NRT.hdf,2024-03-26 05:05,61,116505,N,-25.1401963905413,41.4408944648535,20.1665912393602,-54.0613880010799,-51.9038650554993,-25.1361061473462,-31.757850671699,-54.0853904502636,41.464939366636,37.5501864335648,20.1048177841952,23.1958455909437
MYD03.A2024086.0510.061.2024086065311.NRT.hdf,2024-03-26 05:10,61,116505,N,-32.0428879158627,23.4791351248569,2.44677090482955,-57.2606823860033,-54.2079252239871,-32.0372853297852,-36.6166866358849,-57.2785509560415,23.5096161560629,20.2371802698802,2.42650114111361,5.39214250783016
MYD03.A2024086.0515.061.2024086065311.NRT.hdf,2024-03-26 05:15,61,116505,N,-36.7370888904377,5.54274424525949,-15.4460905696926,-61.4306408076584,-57.3272193565882,-36.6857780716976,-40.2486779014806,-61.4375401203496,5.57153481585916,2.50978549517131,-15.5020636860831,-12.3228302472019
MYD03.A2024086.0520.061.2024086065304.NRT.hdf,2024-03-26 05:20,61,116505,N,-40.2383058541485,-12.2494873504909,-33.375992306162,-67.2392229419135,-61.4215554608001,-40.0012081202595,-42.9134803776422,-67.2438206479482,-12.2323898103711,-15.3955713687945,-33.564994011731,-29.7960343178212
MYD03.A2024086.0525.061.2024086065306.NRT.hdf,2024-03-26 05:25,61,116505,N,-42.8778917040628,-29.7267129597254,-51.2608996005777,-76.4454794209276,-67.2150509251227,-42.4637858873821,-44.6452475763586,-76.5393802831419,-29.7148759961893,-33.3197227419361,-51.5695213877274,-46.5608392000706
MYD03.A2024086.0530.061.2024086065422.NRT.hdf,2024-03-26 05:30,61,116505,N,-44.1025166678856,-46.5185362168689,-69.197315087879,-94.3970705247914,-76.4009996345675,-43.9485913985944,-44.1071660060163,-94.703652568949,-46.5102652058678,-51.1815799567777,-69.5261256156858,-61.5873088802618
MYD03.A2024086.0535.061.2024086065803.NRT.hdf,2024-03-26 05:35,61,116505,N,-13.4928065634949,-61.6598373666159,-87.0546271762596,-134.891407753255,-94.289749792252,-43.1628023533312,-9.23715758865596,-135.019300007155,-61.6570525581035,-69.015626759693,-86.5313436771969,-70.4235819779411
MYD03.A2024086.0540.061.2024086070022.NRT.hdf,2024-03-26 05:40,61,116505,B,180,-65.7860230798736,-89.9900859874877,-180,-134.657830590077,-10.6475446033023,114.805287123345,177.034258872941,-70.724405761155,-85.9045186430781,-74.4959053079294,-65.4667989719534
MYD03.A2024086.0545.061.2024086065548.NRT.hdf,2024-03-26 05:45,61,116505,D,176.540800989607,-51.9423680416835,-75.1375544942561,114.45576657851,176.542657678472,113.236331299709,116.851691035336,153.604483023679,-65.8348354532472,-74.9581087114233,-56.8077345222052,-51.7248484515403
MYD03.A2024086.0550.061.2024086065337.NRT.hdf,2024-03-26 05:50,61,116505,D,152.986944628905,-35.5369052899449,-57.278625048911,115.550181176145,152.988238420794,116.492466865572,115.537931584924,142.280015656217,-52.010050417588,-57.2850722876922,-39.0275851571951,-35.4002378910817
MYD03.A2024086.0555.061.2024086065328.NRT.hdf,2024-03-26 05:55,61,116505,D,141.77674696396,-18.2324809173868,-39.4146909662521,113.180731396559,141.780737090957,115.43329717874,113.156814282571,135.462574673335,-35.6088191957032,-39.4361078185931,-21.2162079535699,-18.1567023037342
MYD03.A2024086.0600.061.2024086065347.NRT.hdf,2024-03-26 06:00,61,116506,D,135.095901009824,-0.514434381972566,-21.4849264482565,109.989818100407,135.101377761422,113.151498974372,109.973868633106,130.672741629942,-18.3028131624386,-21.5071713620852,-3.42388523734199,-0.483622536213998
MYD03.A2024086.0605.061.2024086065348.NRT.hdf,2024-03-26 06:05,61,116506,D,130.473595903337,17.3936098778646,-3.56069413086878,105.768911657327,130.480073778002,110.000050429209,105.735659383984,126.999667196867,-0.586784082619791,-3.57940011306832,14.3079461795482,17.4666317510638
MYD03.A2024086.0610.061.2024086065356.NRT.hdf,2024-03-26 06:10,61,116506,D,126.980209479717,35.365579928874,14.2438772283798,99.883070012594,127.137734750333,105.779697810468,99.6793028987107,124.265015656857,17.337220693681,14.22752356283,31.7795843412624,35.5644389688957
MYD03.A2024086.0615.061.2024086065350.NRT.hdf,2024-03-26 06:15,61,116506,D,124.301257383978,53.3108876980436,31.7640668563643,90.1655073866461,124.641032783145,99.8993924099714,89.9675871054883,122.468037748199,35.3046932345421,31.7591766810981,48.5584135553617,53.6306395610673
MYD03.A2024086.0620.061.2024086081951.NRT.hdf,2024-03-26 06:20,61,116506,D,123.128699103318,71.3313595906518,48.5509583557427,70.3792743732894,123.136649272012,90.186215761779,70.0376181179065,123.130121390893,53.2364679362979,48.5466191461018,63.3591047566558,71.663153585337
MYD03.A2024086.0625.061.2024086082913.NRT.hdf,2024-03-26 06:25,61,116506,D,-174.021357197546,89.2754043711472,63.4603608845096,25.8275321681093,124.296835730861,70.4894388691866,25.807532487287,-163.529931772629,71.152868572599,63.457962860292,70.9273380616006,87.7940392156126
MYD03.A2024086.0630.061.2024086083103.NRT.hdf,2024-03-26 06:30,61,116506,B,180,89.9918535914221,64.4841858352412,-180,-173.376109413999,26.0554119662913,-20.1059624152323,-76.0382903727708,87.3085183769807,71.2672530373718,64.1867431738359,72.254470174305
MYD03.A2024086.0635.061.2024086082700.NRT.hdf,2024-03-26 06:35,61,116506,N,-20.6703665811965,72.8302360315625,49.9176174004314,-76.2763893616859,-77.2473334968128,-20.6500535909248,-41.1283239488567,-75.1656261505784,72.7310240696515,64.5312030791069,49.7406874328264,54.4473246969833
MYD03.A2024086.0640.061.2024086082454.NRT.hdf,2024-03-26 06:40,61,116506,N,-41.654090222043,54.9042611714728,33.2250957629158,-76.8624225088201,-75.6103287542196,-41.6519012646332,-51.4595081130698,-76.8780621101856,54.9169257043314,49.9843176412704,33.1207887505203,36.5996351680324
MYD03.A2024086.0645.061.2024086082522.NRT.hdf,2024-03-26 06:45,61,116506,N,-51.8547838056021,36.9641421885609,15.7756845856583,-79.471266833686,-77.0817802686493,-51.850230809819,-57.8047481803542,-79.4953799312998,36.9903458281271,33.2924177714405,15.7258606523587,18.749469749117
MYD03.A2024086.0650.061.2024086082521.NRT.hdf,2024-03-26 06:50,61,116506,N,-58.0503584982924,19.0019320945945,-2.00327605631328,-82.8821561662662,-79.5990849522181,-58.0444489723178,-62.3064897931819,-82.8958513119043,19.0327922390482,15.8465994606514,-2.01609068810051,0.97147872247322
MYD03.A2024086.0655.061.2024086082519.NRT.hdf,2024-03-26 06:55,61,116506,N,-62.3874012154352,1.08827676571843,-19.909393859153,-87.3808307411239,-82.9387120687351,-62.3556011475901,-65.7445274874383,-87.3875181944194,1.11658776066628,-1.93629905535462,-19.9994325937864,-16.7164680800375
MYD03.A2024086.0700.061.2024086082452.NRT.hdf,2024-03-26 07:00,61,116506,N,-65.7322597898073,-16.6432720602036,-37.8400804176705,-93.805713488188,-87.3650280437926,-65.387636479743,-68.1450690499739,-93.8231139116627,-16.6191802385885,-19.8654390882996,-38.0528982911132,-34.0604965247601
MYD03.A2024086.0705.061.2024086082459.NRT.hdf,2024-03-26 07:05,61,116506,N,-68.1082799690636,-33.9945795214705,-55.7064520231607,-104.407165347871,-93.7767304157345,-67.6301605148148,-69.5294255838604,-104.562141495076,-33.9815806621331,-37.7800636298643,-56.0365127975471,-50.5314197918233
MYD03.A2024086.0710.061.2024086082646.NRT.hdf,2024-03-26 07:10,61,116506,N,-67.6556651545233,-50.5133872591478,-73.647980764531,-126.375422491715,-104.352304674752,-68.7987164689639,-67.5986930365933,-126.723643756209,-50.5064605997397,-55.6183086526472,-73.9433518126351,-64.6797301188536
MYD03.A2024086.0715.061.2024086083131.NRT.hdf,2024-03-26 07:15,61,116506,N,180,-64.800017776185,-89.9921370509442,-180,-126.23672191751,-66.4833282458348,49.9998462631264,-173.263850411681,-64.7971381109967,-73.4027102575038,-86.8874180679514,-70.5694539360331
MYD03.A2024086.0720.061.2024086083058.NRT.hdf,2024-03-26 07:20,61,116506,B,-173.135745506067,-62.7909487093157,-88.5445247979073,41.4038098728577,-173.130539596659,38.3754981307884,91.4377872203713,144.552797798752,-70.9153901980278,-86.8733540356039,-70.1048828417422,-62.4966477027342
MYD03.A2024086.0725.061.2024086082701.NRT.hdf,2024-03-26 07:25,61,116506,D,143.976142700172,-47.9899305427315,-70.6857077792965,91.2381327155438,143.977819937051,90.3671806254555,91.986278811881,125.408093647963,-62.8474964310622,-70.5826567538308,-52.3824874052694,-47.7950166996491
MYD03.A2024086.0730.061.2024086082544.NRT.hdf,2024-03-26 07:30,61,116506,D,124.811404023992,-31.2802846173782,-52.8319746296978,90.3486283402451,124.8135062122,91.7144996501236,90.3314695867505,115.612471645931,-48.0588512600744,-52.8465268819695,-34.5901167483238,-31.1611385762871
MYD03.A2024086.0735.061.2024086082537.NRT.hdf,2024-03-26 07:35,61,116506,D,115.145430261304,-13.844258889853,-34.9502147603513,87.7741409907405,115.149748455531,90.2592424873221,87.7506313098184,109.44443484327,-31.3525888959484,-34.972232112991,-16.7773340567287,-13.7814863163208
MYD03.A2024086.0740.061.2024086082536.NRT.hdf,2024-03-26 07:40,61,116507,D,109.118199240859,3.93664693373695,-17.0138702074147,84.3593257170023,109.123959853576,87.7588706946788,84.3481392699456,104.992101030169,-13.9145290040964,-17.0348995663335,0.995263293267164,3.95950515940725
MYD03.A2024086.0745.061.2024086082537.NRT.hdf,2024-03-26 07:45,61,116507,D,104.830589276062,21.8676173911653,0.892800027621855,79.7975875724986,104.837287579772,84.3709157249247,79.7481389322784,101.521228941856,3.86409966213609,0.874422609416948,18.7016584305311,21.9713058529125
MYD03.A2024086.0750.061.2024086082539.NRT.hdf,2024-03-26 07:50,61,116507,D,101.53122208263,39.8401625943887,18.6420025944572,73.2490363446123,101.731139219785,79.8119833818699,73.0242281457041,99.0001728553126,21.8124306490219,18.6241784184729,36.0443422669382,40.0669792063161
MYD03.A2024086.0755.061.2024086095622.NRT.hdf,2024-03-26 07:55,61,116507,D,99.0406006800135,57.7740862803392,36.0394151585668,61.8744369296497,99.473416790661,73.2479892548745,61.6796420119947,97.5860772746983,39.7781168745784,36.0258304165028,52.5034134438745,58.1135037405492
MYD03.A2024086.0800.061.2024086100644.NRT.hdf,2024-03-26 08:00,61,116507,D,99.9270162801688,75.8003496226187,52.5061884335455,37.5207589101592,98.3448382098917,61.9287433992702,37.1006504697009,100.01062143908,57.6904816386787,52.4998434870083,66.2557573261789,76.0897319357338
MYD03.A2024086.0805.061.2024086101004.NRT.hdf,2024-03-26 08:05,61,116507,D,180,89.9967648345614,66.4354778572728,-180,101.383507422034,37.6570869058579,-12.6253478987303,-119.322711981024,75.5531088587749,66.4345440959875,70.5488418793466,85.2783533995729
MYD03.A2024086.0810.061.2024086100740.NRT.hdf,2024-03-26 08:10,61,116507,B,-12.6456552450444,86.3059602019481,61.2266072227965,-122.842531101834,-126.627500886656,-12.6437031097001,-51.7686831255482,-99.9766099494876,85.5324730654412,70.9151512894232,60.9671835884667,67.8305220024096
MYD03.A2024086.0815.061.2024086100436.NRT.hdf,2024-03-26 08:15,61,116507,N,-52.3367852093813,68.3635706188668,45.8779616823776,-100.162544749143,-100.841119075872,-52.3351959609137,-68.9782184272064,-100.154618103065,68.3126176973813,61.2813297036192,45.7161370859146,50.0071165522721
MYD03.A2024086.0820.061.2024086100405.NRT.hdf,2024-03-26 08:20,61,116507,N,-69.4954710905809,50.4428765277057,28.9282778981945,-102.110215938628,-100.500041865538,-69.4926049729224,-77.9851306074552,-102.129881475708,50.4598950552773,45.9460197604174,28.8410369253985,32.152471139181
MYD03.A2024086.0825.061.2024086100401.NRT.hdf,2024-03-26 08:25,61,116507,N,-78.3359426687573,32.4910316113815,11.3712229831341,-104.93054788244,-102.32112797938,-78.330998539778,-83.7408740102141,-104.953424203681,32.518315743356,28.9962015169372,11.3318120139427,14.3154942864964
MYD03.A2024086.0830.061.2024086100317.NRT.hdf,2024-03-26 08:30,61,116507,N,-83.9501370894332,14.5341362919167,-6.45527782918087,-108.569551752088,-105.04003495602,-83.9441281940668,-87.9359451560654,-108.57793463383,14.5652841292218,11.4425717098429,-6.46087472384475,-3.43184303551196
MYD03.A2024086.0835.061.2024086100332.NRT.hdf,2024-03-26 08:35,61,116507,N,-87.9707590310139,-3.34870984186776,-24.3802768910485,-113.436000804466,-108.606914046612,-87.8267269669699,-91.0461794052252,-113.442946142077,-3.32279150312714,-6.40192858956546,-24.503856445102,-21.0821122181521
MYD03.A2024086.0840.061.2024086100331.NRT.hdf,2024-03-26 08:40,61,116507,N,-91.024621521133,-21.0090053744121,-42.2947610049136,-120.594154080316,-113.42058537134,-90.7048582912799,-93.2962529039482,-120.638973204083,-20.9937040360099,-24.3280200899844,-42.5456582316355,-38.270426589927
MYD03.A2024086.0845.061.2024086100348.NRT.hdf,2024-03-26 08:45,61,116507,N,-93.2542123735469,-38.2132509528826,-60.1486644684235,-132.993809792896,-120.560735562855,-92.7356300024019,-94.2601376270777,-133.197267181443,-38.2023607403917,-42.2292735598148,-60.4915618254702,-54.3734748954861
MYD03.A2024086.0850.061.2024086100544.NRT.hdf,2024-03-26 08:50,61,116507,N,-89.929082952373,-54.378585959904,-78.0056597854916,-159.929601405306,-132.926453025185,-93.4773943398144,-89.716120131812,-160.277786224197,-54.3730898091858,-60.0417588492947,-78.229197354937,-67.2534120005415
MYD03.A2024086.0855.061.2024086101112.NRT.hdf,2024-03-26 08:55,61,116507,N,180,-67.4306809942072,-89.9932984027309,-180,-159.756387294992,-88.431024562507,55.0308414322215,148.979384170597,-67.4285277378561,-77.663078063661,-83.1715188282373,-69.7094404468905
MYD03.A2024086.0900.061.2024086100813.NRT.hdf,2024-03-26 09:00,61,116507,B,148.81600108787,-59.4318261616744,-84.0981833325482,53.1447913098193,148.817997690937,50.102870464582,67.2370234034876,113.533284007937,-70.1112081099773,-83.5008955233909,-65.6962034374296,-59.1833257307712
MYD03.A2024086.0905.061.2024086100448.NRT.hdf,2024-03-26 09:05,61,116507,D,112.97032904832,-43.9363393203727,-66.238602437679,67.0024517923549,112.971826772437,66.5883354990275,67.0067061726889,97.7421762747105,-59.4939353279157,-66.1913566727149,-47.9528210394414,-43.7623310176109
MYD03.A2024086.0910.061.2024086100421.NRT.hdf,2024-03-26 09:10,61,116507,D,97.1717645966168,-26.9856457488343,-48.3871396451737,65.0961541013122,97.1745075278817,66.8027267364937,65.0752942456997,89.1547307418909,-44.0060918127517,-48.4046524045381,-30.1546325328524,-26.8821648706561
MYD03.A2024086.0915.061.2024086100411.NRT.hdf,2024-03-26 09:15,61,116508,D,88.722810624516,-9.43938457866039,-30.4859042008755,62.3208584177869,88.7275600577332,65.0294508463666,62.2988387623664,83.5259466832269,-27.0579124671833,-30.5082578049243,-12.3438266874763,-9.38828286069654
MYD03.A2024086.0920.061.2024086100410.NRT.hdf,2024-03-26 09:20,61,116508,D,83.2395028753275,8.39400080874469,-12.5473342943497,58.6650064691954,83.2455618798112,62.3209989518674,58.6592212101482,79.3666289183421,-9.5096317855733,-12.5668231128796,5.40503592518934,8.41158432341969
MYD03.A2024086.0925.061.2024086100414.NRT.hdf,2024-03-26 09:25,61,116508,D,79.2483923071067,26.3449740100388,5.33427880743496,53.707588065264,79.3081891883726,58.6775781580943,53.6412792200129,76.1460605625347,8.32781475321294,5.31665113935422,23.0705110182777,26.4810014073973
MYD03.A2024086.0930.061.2024086100402.NRT.hdf,2024-03-26 09:30,61,116508,D,76.1691962143434,44.3124443417715,23.0157265244948,46.3223730723442,76.411554006269,53.7230743887988,46.1012606394776,73.8401074440369,26.2897849891694,23.0007479605609,40.255222629346,44.5705479727858
MYD03.A2024086.0935.061.2024086115858.NRT.hdf,2024-03-26 09:35,61,116508,D,73.8818407292251,62.2400266969986,40.2530824348189,32.9364170470523,74.3668799972265,46.3183738385577,32.6456819063169,72.8685667584242,44.2458738423623,40.235935604946,56.2927516190526,62.5874639159892
MYD03.A2024086.0940.061.2024086120301.NRT.hdf,2024-03-26 09:40,61,116508,D,78.4801954115029,80.1819354779747,56.3382837778722,2.87844453322249,73.7131244259255,33.00368175398,2.5079224096225,78.800235378257,62.1375428005267,56.3338720062951,68.5877417569394,80.389650601247
MYD03.A2024086.0945.061.2024086120908.NRT.hdf,2024-03-26 09:45,61,116508,B,180,89.9930051408302,68.8195922189393,-180,80.4695317891342,3.05845438132232,-49.9223870816954,-131.233934461793,79.8145689467541,68.8188754504091,69.1831503242838,81.0870997902003
MYD03.A2024086.0950.061.2024086120335.NRT.hdf,2024-03-26 09:50,61,116508,N,-50.19439828088,81.8367778149416,57.6727957431114,-132.254146348975,-134.354044602593,-50.1878901418418,-82.0731535750417,-124.366249846419,81.5006540486421,69.556995646049,57.4426775206337,63.3979743647393
MYD03.A2024086.0955.061.2024086120128.NRT.hdf,2024-03-26 09:55,61,116508,N,-82.6431738670501,63.897494353974,41.7472228310035,-125.250888178483,-125.064345520454,-82.641758173425,-96.3790996931437,-125.253935863828,63.8784607818991,57.7318173113349,41.6041444789065,45.5621973028731
MYD03.A2024086.1000.061.2024086120039.NRT.hdf,2024-03-26 10:00,61,116508,N,-96.8646404983731,45.9773312246652,24.6045940188814,-127.444844698175,-125.548004318739,-96.8618685738549,-104.318923265301,-127.467577616961,45.9992500769271,41.8157722235272,24.5227718972647,27.7070453647015
MYD03.A2024086.1005.061.2024086120023.NRT.hdf,2024-03-26 10:05,61,116508,N,-104.671829187205,28.0181932642442,6.94825691324257,-130.437810529745,-127.609328493841,-104.665937061101,-109.623442804354,-130.459366476292,28.0514235244199,24.6722754059877,6.92523291616777,9.87830803608172
MYD03.A2024086.1010.061.2024086120119.NRT.hdf,2024-03-26 10:10,61,116508,N,-109.752793332754,10.0694998340008,-10.9151547537734,-134.329094608806,-130.529736612049,-109.741936626271,-113.505646743428,-134.33523395886,10.1000452810593,7.01907875451079,-10.9365252068946,-7.84430094063802
MYD03.A2024086.1015.061.2024086120118.NRT.hdf,2024-03-26 10:15,61,116508,N,-113.498311343706,-7.77439401418658,-28.8461700305368,-139.62662650262,-134.347622376353,-113.310908487246,-116.376019179122,-139.633816116642,-7.75144670531067,-10.8643149823002,-29.0026436592157,-25.42205261282
MYD03.A2024086.1020.061.2024086120127.NRT.hdf,2024-03-26 10:20,61,116508,N,-116.349184242137,-25.3491260078699,-46.7470203700492,-147.683940933203,-139.608309003925,-115.983868133174,-118.39007484901,-147.7604947534,-25.3348083951992,-28.7916895041178,-47.0269427439349,-42.420416820478
MYD03.A2024086.1025.061.2024086120136.NRT.hdf,2024-03-26 10:25,61,116508,N,-118.345592535948,-42.3742661125012,-64.5956595584547,-162.412709498166,-147.644574079271,-117.767072000156,-118.759489938249,-162.667377396513,-42.3647295408528,-46.675657897147,-64.9376431356267,-58.0433568233334
MYD03.A2024086.1030.061.2024086120737.NRT.hdf,2024-03-26 10:30,61,116508,N,-108.750468259536,-58.0776320792645,-82.4535962702166,164.350911057929,-162.328395865942,-117.896122949546,-107.997420995251,164.064187580737,-58.0735535262307,-64.4586147037062,-82.5202460766895,-69.2451443426313
MYD03.A2024086.1035.061.2024086121438.NRT.hdf,2024-03-26 10:35,61,116508,B,180,-68.3243556946959,-89.9923502375693,-180,164.557994658664,-106.692404579169,37.828275770578,112.734164925139,-69.4822566492305,-81.9184233415151,-78.9153465072113,-67.9585589597657
MYD03.A2024086.1040.061.2024086120631.NRT.hdf,2024-03-26 10:40,61,116508,D,112.337554476291,-55.8099058772116,-79.6502954169751,37.1028505821235,112.339548192671,35.2519291997416,42.7952387540758,83.7449684951629,-68.3629077661502,-79.3408946890805,-61.2859956159081,-55.5844292198566
MYD03.A2024086.1045.061.2024086120208.NRT.hdf,2024-03-26 10:45,61,116508,D,83.1712581672949,-39.79952528465,-61.7904525505273,41.9448095740674,83.172596935539,42.319791877171,41.9393895250167,70.4880773316072,-55.8758684011407,-61.7764487037016,-43.523740967469,-39.6451795823443
MYD03.A2024086.1050.061.2024086120039.NRT.hdf,2024-03-26 10:50,61,116508,D,69.9485809457192,-22.6541207066213,-43.9351681437029,39.791260717834,69.9519301656267,41.7857400220044,39.7682549874193,62.8701522573169,-39.8696964636848,-43.9549135708349,-25.7169006673141,-22.5651699544923
MYD03.A2024086.1055.061.2024086120138.NRT.hdf,2024-03-26 10:55,61,116509,D,62.4737548340263,-5.01626259557085,-26.0181350519569,36.8229860603516,62.478883633488,39.7522853216064,36.8011319054613,57.69515987394,-22.7264805734234,-26.0400284446365,-7.91240761359633,-4.97548567826241
MYD03.A2024086.1100.061.2024086120047.NRT.hdf,2024-03-26 11:00,61,116509,D,57.4478371788691,12.8602481850145,-8.08237730826638,32.9006412961302,57.4541212391375,36.8244400467735,32.8803477127188,53.7864541254801,-5.08634960464211,-8.10088103840897,9.83447215810857,12.9053262968093
MYD03.A2024086.1105.061.2024086120039.NRT.hdf,2024-03-26 11:05,61,116509,D,53.7181321560111,30.8223770624223,9.76694400734227,27.475120515842,53.806867100871,32.9143802327095,27.3953157611905,50.7864214315115,12.7963253145798,9.75067588154984,27.4146478361463,30.9910244538291
MYD03.A2024086.1110.061.2024086120223.NRT.hdf,2024-03-26 11:10,61,116509,D,50.8103100577844,48.7836170489453,27.3644468790094,19.0356244181421,51.1394086703846,27.4935485202184,18.8422667804207,48.7507969172856,30.7685556070182,27.3486444204484,44.4041303018652,49.0682967417356
MYD03.A2024086.1115.061.2024086120128.NRT.hdf,2024-03-26 11:15,61,116509,D,48.7963854093052,66.7101498305006,44.397456672092,3.03421356039787,49.3264560590973,19.078259479178,2.67678522245287,48.3938872153704,48.7119152276121,44.3891183954179,59.8932764907847,67.0529489988801
MYD03.A2024086.1120.061.2024086132617.NRT.hdf,2024-03-26 11:20,61,116509,D,62.9840860050409,84.6537590189674,59.9783889113811,-33.9653219285376,49.3673928828761,3.11944370616777,-34.2582173641216,64.3780772597893,66.5777690262598,59.9749577905355,70.2223738643495,84.6414804645011
MYD03.A2024086.1125.061.2024086133051.NRT.hdf,2024-03-26 11:25,61,116509,B,180,89.9942129934947,67.3291647442853,-180,65.9394578528046,-33.7555923133911,-85.4200886581056,-151.822784617889,84.0121349965931,70.5701778467689,67.0555851776628,76.7163983522647
MYD03.A2024086.1130.061.2024086133817.NRT.hdf,2024-03-26 11:30,61,116509,N,-85.7757839832446,77.3641019512851,53.9072587522605,-152.28915240456,-153.675947661592,-85.7738294757629,-111.34595492527,-149.059275023903,77.1805014301312,67.372341552621,53.6979323363071,58.9562617710786
MYD03.A2024086.1135.061.2024086133818.NRT.hdf,2024-03-26 11:35,61,116509,N,-111.919382525672,59.4290017788972,37.5391601020765,-150.393642419836,-149.595901561579,-111.916638410745,-123.439648532753,-150.404104079557,59.4330356248693,53.9689603131739,37.421486279202,41.1083286363286
MYD03.A2024086.1140.061.2024086133806.NRT.hdf,2024-03-26 11:40,61,116509,N,-123.863275013031,41.5029251624141,20.2267467394376,-152.803825739039,-150.649852021873,-123.859268267036,-130.490770712501,-152.827812829044,41.5268395859819,37.6084281072781,20.1646800842236,23.2573885980975
MYD03.A2024086.1145.061.2024086133522.NRT.hdf,2024-03-26 11:45,61,116509,N,-130.773348625304,23.5379940068758,2.50605659192757,-155.99801394848,-152.948323337489,-130.767704168334,-135.3518024982,-156.015964613083,23.5682418045373,20.2953338924507,2.48549710525213,5.45035104591813
MYD03.A2024086.1150.061.2024086133529.NRT.hdf,2024-03-26 11:50,61,116509,N,-135.477907137703,5.60462540885305,-15.3855235568834,-160.173870014309,-156.074253549463,-135.421830438133,-138.986995381194,-160.180282575276,5.63437696883613,2.57012255365826,-15.4409429711616,-12.2604792017112
MYD03.A2024086.1155.061.2024086133530.NRT.hdf,2024-03-26 11:55,61,116509,N,-138.973191308065,-12.1907351018129,-33.316793749059,-165.980853921556,-160.172105700997,-138.741543339763,-141.655798753355,-165.988277330071,-12.1715554403996,-15.3359629463699,-33.5057965265992,-29.7359612539031
MYD03.A2024086.1200.061.2024086133526.NRT.hdf,2024-03-26 12:00,61,116509,N,-141.625080621713,-29.6632711890548,-51.2001730339066,-175.157128774275,-165.959140403371,-141.211079007445,-143.396540694793,-175.269429886849,-29.6500388485218,-33.25915984176,-51.5070904212715,-46.4986482105632
MYD03.A2024086.1205.061.2024086133628.NRT.hdf,2024-03-26 12:05,61,116509,N,-142.880910657965,-46.4664197116263,-69.0498890278445,167.066379994749,-175.110000897545,-142.707602655005,-142.886288589668,166.764531472901,-46.458252181486,-51.1222133605513,-69.3766828970266,-61.4799290596987
MYD03.A2024086.1210.061.2024086133940.NRT.hdf,2024-03-26 12:10,61,116509,N,-113.591529100624,-61.549700160422,-86.9072622614465,126.834952629887,167.172985671548,-141.94368511579,-109.623576485516,126.67572337067,-61.5469026438613,-68.8698298101439,-86.4229312336835,-70.4012197752159
MYD03.A2024086.1215.061.2024086134232.NRT.hdf,2024-03-26 12:15,61,116509,B,180,-65.8225631088183,-89.9889727282919,-180,127.061091064403,-110.819464226004,16.0726227614413,78.3159014484272,-70.7565744758189,-85.7953717513856,-74.5497978120875,-65.5473393920856
MYD03.A2024086.1220.061.2024086133750.NRT.hdf,2024-03-26 12:20,61,116509,D,77.9005901638159,-51.9938291752509,-75.1957016677648,15.7010582476204,77.9024492710693,14.4534856270474,18.1025878526223,54.9001650615091,-65.8721142127301,-75.0144079039027,-56.866150621606,-51.7762132471305
MYD03.A2024086.1225.061.2024086133543.NRT.hdf,2024-03-26 12:25,61,116509,D,54.2904551030849,-35.5928720724453,-57.338874336489,16.8102600747793,54.291726335305,17.7483884468049,16.7980632720663,43.5593295765568,-52.0623909737104,-57.34508013819,-39.0868718071374,-35.4565205008499
MYD03.A2024086.1230.061.2024086133520.NRT.hdf,2024-03-26 12:30,61,116509,D,43.0523926913662,-18.2883983876129,-39.4730528599715,14.4479288937162,43.0562502065379,16.698145080267,14.423048840206,36.7292414919264,-35.6632517303375,-39.493968980651,-21.27387774002,-18.2128627873997
MYD03.A2024086.1235.061.2024086133535.NRT.hdf,2024-03-26 12:35,61,116510,D,36.3690050822327,-0.577984368682729,-21.5437043578787,11.2565235030115,36.3743959075943,14.4126706053826,11.2381697061011,31.9412740138198,-18.3607675463293,-21.565157398139,-3.48451709024852,-0.543009712825557
MYD03.A2024086.1240.061.2024086133519.NRT.hdf,2024-03-26 12:40,61,116510,D,31.710122870857,17.3354188099023,-3.61891272590716,7.03780649928129,31.7154633141737,11.2611007218804,7.00028967438148,28.2311964852407,-0.647831668613609,-3.63964107176201,14.2504962696619,17.4040682513397
MYD03.A2024086.1245.061.2024086133519.NRT.hdf,2024-03-26 12:45,61,116510,D,28.2315608202911,35.3054464039929,14.1871383517445,1.07202530883804,28.3934215511213,7.05381053738188,0.96184829431672,25.5178198098731,17.2770888531003,14.1707962035852,31.7260721977354,35.5048218133556
MYD03.A2024086.1250.061.2024086133549.NRT.hdf,2024-03-26 12:50,61,116510,D,25.5473740650218,53.2548086418356,31.6857009941222,-8.62758525107281,25.8990712217331,1.09357548766525,-8.84180777005841,23.7244967655933,35.2481580825629,31.6720811500185,48.4752042969901,53.5659583257475
MYD03.A2024086.1255.061.2024086133602.NRT.hdf,2024-03-26 12:55,61,116510,D,24.3586311870466,71.1851838491948,48.4796326864143,-28.1358389427148,24.3849244631519,-8.57696271984003,-28.5403295972743,24.3592748034664,53.1775875335105,48.4719678116277,63.2254424352571,71.5111579080889
MYD03.A2024086.1300.061.2024086151035.NRT.hdf,2024-03-26 13:00,61,116510,D,83.8793661997326,89.1298057113639,63.354028534072,-72.4598685000401,25.4941690381776,-28.0284461326194,-72.489386815384,94.0137470041771,71.0089465726319,63.3519702371635,70.9196739395237,87.7756521109703
MYD03.A2024086.1305.061.2024086151529.NRT.hdf,2024-03-26 13:05,61,116510,B,180,89.990049169362,64.5173254937661,-180,84.9840691793633,-72.2343348445283,-118.762346494632,-174.781839092172,87.261512273567,71.263910058825,64.2262940340995,72.3078858238747
MYD03.A2024086.1310.061.2024086151227.NRT.hdf,2024-03-26 13:10,61,116510,N,-119.301276507695,72.8886100685954,49.9689405686249,-175.035335768427,-176.028849292384,-119.299495349448,-139.835402774636,-173.919633344206,72.7871067004751,64.5703239374914,49.7910436485961,54.5062654144344
MYD03.A2024086.1315.061.2024086151232.NRT.hdf,2024-03-26 13:15,61,116510,N,-140.358761324203,54.9593903794778,33.2774697854203,-175.600392128133,-174.349947336996,-140.356535330974,-150.184274290855,-175.616164614988,54.9723896731081,50.0327746359512,33.1726573967183,36.6536778744982
MYD03.A2024086.1320.061.2024086151119.NRT.hdf,2024-03-26 13:20,61,116510,N,-150.585413181412,37.022158303607,15.8309116106426,-178.210964275018,-175.822663705828,-150.580945529337,-156.543731331486,-178.235111859265,37.0484216611894,33.347116677582,15.780826749491,18.8060019506456
MYD03.A2024086.1325.061.2024086151104.NRT.hdf,2024-03-26 13:25,61,116510,N,-156.786839806458,19.0557428971476,-1.9498763480323,178.382056438856,-178.33656108084,-156.780902828082,-161.047511632528,178.368290681304,19.0866025381079,15.8997722540263,-1.96261497480734,1.02423886481657
MYD03.A2024086.1330.061.2024086151117.NRT.hdf,2024-03-26 13:30,61,116510,N,-161.130759163262,1.14459746673444,-19.861671564669,173.884958546377,178.323616143025,-161.030484585291,-164.417483276765,173.878265689614,1.17279585540467,-1.89124890807091,-19.9510802834174,-16.6615332542578
MYD03.A2024086.1335.061.2024086151129.NRT.hdf,2024-03-26 13:35,61,116510,N,-164.39763774249,-16.5919580052238,-37.7883047360884,167.469422903737,173.900834456741,-164.121293987245,-166.881519072414,167.452769619234,-16.5759490654249,-19.8122891583857,-38.0088218071198,-34.0119602439316
MYD03.A2024086.1340.061.2024086151121.NRT.hdf,2024-03-26 13:40,61,116510,N,-166.847194468769,-33.9421112449132,-55.6531059445449,156.881835613921,167.495233294685,-166.381976222827,-168.2890306608,156.72935759557,-33.9300426043206,-37.7265922769307,-55.9836509895149,-50.4823308480107
MYD03.A2024086.1345.061.2024086151303.NRT.hdf,2024-03-26 13:45,61,116510,N,-166.382479182167,-50.4675212427968,-73.5082706864348,135.124312042209,156.938757347145,-167.520295031003,-166.326274155578,134.780434731921,-50.4607272311837,-55.5659519666975,-73.8003834311308,-64.5885919490679
MYD03.A2024086.1350.061.2024086151740.NRT.hdf,2024-03-26 13:50,61,116510,N,180,-64.7058453447437,-89.9891273920994,-180,135.258631909507,-165.263317918132,-50.880927964066,88.4182086508919,-64.7043530777422,-73.264006692608,-86.9662591882753,-70.5783128399818
MYD03.A2024086.1355.061.2024086151830.NRT.hdf,2024-03-26 13:55,61,116510,B,88.5354697614485,-62.8259786581528,-88.6844672693011,-59.8910422529941,88.5372494950389,-63.2005534409524,-7.46228152658706,45.7994931274953,-70.9804848170665,-86.8873082523604,-70.1434233699997,-62.5718702268501
MYD03.A2024086.1400.061.2024086151319.NRT.hdf,2024-03-26 14:00,61,116510,D,45.3075645371153,-48.0349414458873,-70.7373095810287,-7.6834176086344,45.3092427331127,-8.38882605026877,-6.75607958097876,26.6954661157599,-62.8827864235385,-70.6401579112218,-52.4286596263585,-47.8399715790526
MYD03.A2024086.1405.061.2024086151207.NRT.hdf,2024-03-26 14:05,61,116510,D,26.1056861556068,-31.3299607235541,-52.8852140839326,-8.38784208838835,26.1077232927205,-7.02255019097542,-8.40500625961322,16.8887153833819,-48.1049813415492,-52.8996815097642,-34.6426568782665,-31.2104076654338
MYD03.A2024086.1410.061.2024086151153.NRT.hdf,2024-03-26 14:10,61,116510,D,16.4151931466291,-13.8938382063539,-35.0017234323291,-10.9669067540302,16.4195211601262,-8.48331953756445,-10.990407285425,10.7072194505322,-31.400400910199,-35.0239109915577,-16.8288656821687,-13.8308123638879
MYD03.A2024086.1415.061.2024086151229.NRT.hdf,2024-03-26 14:15,61,116511,D,10.3846418590612,3.88418074122719,-17.0664739241434,-14.3742219747502,10.3904071913146,-10.9761268615976,-14.3854601018188,6.25429230789949,-13.9662024458074,-17.0872516037172,0.943537921062378,3.90725981661622
MYD03.A2024086.1420.061.2024086151149.NRT.hdf,2024-03-26 14:20,61,116511,D,6.08745354398123,21.8193539107283,0.841711334569374,-18.939245507702,6.0986381950935,-14.3672656461507,-18.9870231032007,2.77951941616518,3.81468795332225,0.823348406890611,18.6516462741886,21.9217092968156
MYD03.A2024086.1425.061.2024086151201.NRT.hdf,2024-03-26 14:25,61,116511,D,2.80150303424143,39.7900341016909,18.591325894112,-25.5709920046075,3.01323137664299,-18.920905644512,-25.7014537771176,0.284039370329029,21.7627016423436,18.5748396486346,35.9966511594307,40.0190180311136
MYD03.A2024086.1430.061.2024086151211.NRT.hdf,2024-03-26 14:30,61,116511,D,0.319558149884873,57.7272429039049,35.9637981928622,-36.8408651825205,0.724731100539312,-25.5460859591651,-37.1145809149879,-1.16928749648528,39.7296444541129,35.9523095880927,52.4305919392875,58.0608619447331
MYD03.A2024086.1435.061.2024086151237.NRT.hdf,2024-03-26 14:35,61,116511,D,1.08955497647171,75.6637405120481,52.4617211296467,-60.9553997712776,-0.426027044375972,-36.7799549879507,-61.3736784447534,1.16898820183162,57.6412526700624,52.4556360861155,66.171875058486,75.9535597915412
MYD03.A2024086.1440.061.2024086165449.NRT.hdf,2024-03-26 14:40,61,116511,D,180,89.9884445747116,66.3491684411121,-180,2.52283051039402,-60.8191234884236,-110.967093269435,141.265645322347,75.4205292566591,66.348129861087,70.5722299217574,85.4023069726893
MYD03.A2024086.1445.061.2024086165954.NRT.hdf,2024-03-26 14:45,61,116511,B,-110.984813927971,86.4411083168855,61.2619433083756,137.576837932183,133.682893718875,-110.982867732958,-150.46144841947,161.301017718409,85.6454153145097,70.9459097623441,61.003722255992,67.8739376478569
MYD03.A2024086.1450.061.2024086165914.NRT.hdf,2024-03-26 14:50,61,116511,N,-151.032337982332,68.4108069601992,45.9179097347984,161.085263639286,160.391837041051,-151.030100148344,-167.707919001475,161.092556895601,68.359662173306,61.3204573953141,45.7588932570868,50.0522994280972
MYD03.A2024086.1455.061.2024086165909.NRT.hdf,2024-03-26 14:55,61,116511,N,-168.209300680391,50.4858436110983,28.9688177729892,159.136646906546,160.741752304194,-168.206367868708,-176.713015382751,159.116590066441,50.5032877466761,45.9828576439913,28.8796128334419,32.1940482756665
MYD03.A2024086.1500.061.2024086165734.NRT.hdf,2024-03-26 15:00,61,116511,N,-177.075429196723,32.5365803308434,11.4126130156432,156.332602021387,158.942752515151,-177.070561954162,177.513733294256,156.309467423904,32.5646605535112,29.0387472191281,11.3734043855578,14.3562541660548
MYD03.A2024086.1505.061.2024086165726.NRT.hdf,2024-03-26 15:05,61,116511,N,177.310075175202,14.5738573470255,-6.41634172277841,152.696129878133,156.225012666063,177.316315644331,173.3205850393,152.687744453612,14.6047873960101,11.4818847252174,-6.42219948804637,-3.39362855111829
MYD03.A2024086.1510.061.2024086165715.NRT.hdf,2024-03-26 15:10,61,116511,N,173.280917794293,-3.30718469458571,-24.3406377411934,147.833229623761,152.657536402143,173.425524710561,170.202476229652,147.82398567213,-3.28153283588461,-6.3616415358374,-24.4637729386451,-21.0422478140368
MYD03.A2024086.1515.061.2024086165714.NRT.hdf,2024-03-26 15:15,61,116511,N,170.227289815449,-20.9732409251399,-42.2574230375521,140.675391283425,147.850574735806,170.549589169143,167.95442295443,140.639107642156,-20.9584772033078,-24.2900987099388,-42.50858322171,-38.2373893129784
MYD03.A2024086.1520.061.2024086165729.NRT.hdf,2024-03-26 15:20,61,116511,N,167.99180914924,-38.1737833332408,-60.1099478051679,128.286744831409,140.706001915883,168.511843433295,166.97832836521,128.086201690607,-38.1628376497696,-42.1907354211102,-60.4527185039692,-54.336853590774
MYD03.A2024086.1525.061.2024086165915.NRT.hdf,2024-03-26 15:25,61,116511,N,171.433372959795,-54.3451564126365,-77.9680396369079,101.445936321082,128.356242298845,167.834191259173,171.648578809006,101.054123091902,-54.3397595625968,-60.0031119275465,-78.1865868769977,-67.2307717241752
MYD03.A2024086.1530.061.2024086170527.NRT.hdf,2024-03-26 15:30,61,116511,N,180,-67.4297623561805,-89.9897720434362,-180,101.612733500737,172.954483305988,-44.4183930216967,50.564260325521,-67.4290628026831,-77.6137674546314,-83.2694398085334,-69.7712860296065
MYD03.A2024086.1535.061.2024086170106.NRT.hdf,2024-03-26 15:35,61,116511,B,50.419127921002,-59.4592278694537,-84.2253412406487,-46.4054029382838,50.4211217790198,-49.1538719797645,-31.5012177847605,14.818145717826,-70.1602642398116,-83.6209163506848,-65.7294989109637,-59.2223314781231
MYD03.A2024086.1540.061.2024086165845.NRT.hdf,2024-03-26 15:40,61,116511,D,14.2771892557829,-43.9703855826234,-66.2779160864553,-31.7431663839923,14.2786883034578,-32.1638442846628,-31.7388299203519,-0.977829370299157,-59.5210441272799,-66.2305575218666,-47.9927826997656,-43.7962096224365
MYD03.A2024086.1545.061.2024086165747.NRT.hdf,2024-03-26 15:45,61,116511,D,-1.54187069533822,-27.0244827429308,-48.4287816001294,-33.6440818726055,-1.53912946390595,-31.9378812102388,-33.6649968986946,-9.57119832371581,-44.0414295631363,-48.4462824803902,-30.1964856405854,-26.9205914978773
MYD03.A2024086.1550.061.2024086165808.NRT.hdf,2024-03-26 15:50,61,116512,D,-10.0097339460186,-9.47862386933735,-30.5270244026907,-36.4220499241457,-10.0049884387176,-33.7142654287572,-36.4440898528042,-15.2119087198156,-27.0950460951085,-30.5495502282984,-12.3852174915311,-9.4270126294842
MYD03.A2024086.1555.061.2024086165759.NRT.hdf,2024-03-26 15:55,61,116512,D,-15.4965656537531,8.35200724420634,-12.5897828917427,-40.0710485750349,-15.4905277562506,-36.4159753042356,-40.076849842502,-19.3729066340092,-9.55098014127081,-12.6091808870251,5.36339001947134,8.36973060347189
MYD03.A2024086.1600.061.2024086165803.NRT.hdf,2024-03-26 16:00,61,116512,D,-19.4970150055737,26.3059375826493,5.29310573867546,-45.0317532152618,-19.4318969444401,-40.0628549850383,-45.096646794555,-22.5965420111407,8.28890735305056,5.27519753792028,23.02996663574,26.441534748627
MYD03.A2024086.1605.061.2024086165751.NRT.hdf,2024-03-26 16:05,61,116512,D,-22.5695310610375,44.271418481731,22.9747017152951,-52.467160521685,-22.3210257467027,-45.0113215791979,-52.626457421966,-24.8927167261307,26.2484510155965,22.9599582892041,40.2169722037461,44.5303580036707
MYD03.A2024086.1610.061.2024086165802.NRT.hdf,2024-03-26 16:10,61,116512,D,-24.8542030330558,62.2021944259755,40.1954769436466,-65.7672141514064,-24.3898350519133,-52.4365549262526,-66.0990001865981,-25.8995219255904,44.2073046266638,40.1851246861517,56.2460500847983,62.5460517465398
MYD03.A2024086.1615.061.2024086180714.NRT.hdf,2024-03-26 16:15,61,116512,D,-20.347245850116,80.1421366966176,56.3081363884899,-95.767798223646,-25.0501754387827,-65.6929573988695,-96.1368942130535,-20.0315400755022,62.0974293926548,56.3039907904489,68.5756999227325,80.3530310194022
MYD03.A2024086.1620.061.2024086181953.NRT.hdf,2024-03-26 16:20,61,116512,B,180,89.9905731194289,68.80225100772,-180,-18.4032112492441,-95.5969898019889,-148.344273743622,129.879738452691,79.7825820924565,68.8015327720734,69.2341938409259,81.2117972111732
MYD03.A2024086.1625.061.2024086181548.NRT.hdf,2024-03-26 16:25,61,116512,N,-148.610392053752,81.9618164657269,57.7770751400783,128.840752884835,126.796933488459,-148.608347447244,179.309693426197,136.92776106603,81.6250782720948,69.6114936075225,57.54593309892,63.52234602397
MYD03.A2024086.1630.061.2024086181534.NRT.hdf,2024-03-26 16:30,61,116512,N,178.73839501608,64.0210115427186,41.7777833489309,136.029533438361,136.20762197933,178.739815555296,164.884522197558,136.026019982783,64.0003553648721,57.8358912098052,41.6368667735857,45.5958021236167
MYD03.A2024086.1635.061.2024086181353.NRT.hdf,2024-03-26 16:35,61,116512,N,164.411076048618,46.0085080572341,24.6256455131805,133.821312835868,135.719556063219,164.41461007996,156.94843505128,133.798668824339,46.0284683523914,41.8437397393016,24.5503815008147,27.7379743754466
MYD03.A2024086.1640.061.2024086181334.NRT.hdf,2024-03-26 16:40,61,116512,N,156.622992808702,28.0510479151181,6.97933755402306,130.823867380303,133.651667917067,156.628230149782,151.664635280798,130.80277484704,28.0805052436124,24.6958991709338,6.95003331565404,9.91283000425832
MYD03.A2024086.1645.061.2024086181337.NRT.hdf,2024-03-26 16:45,61,116512,N,151.501355549968,10.0974501710523,-10.8868047222007,126.934100353782,130.732527343407,151.512566200177,147.746376184009,126.927978349596,10.1281043491627,7.04821139732282,-10.908254875355,-7.81771787103757
MYD03.A2024086.1650.061.2024086181347.NRT.hdf,2024-03-26 16:50,61,116512,N,147.750821218748,-7.74449321293574,-28.8170674479234,121.645692872425,126.921610302713,147.936475432014,144.868380586891,121.638472341337,-7.7229365732107,-10.8343425447493,-28.9732401599439,-25.3957910028957
MYD03.A2024086.1655.061.2024086181336.NRT.hdf,2024-03-26 16:55,61,116512,N,144.899720454435,-25.3267509722793,-46.7204778911823,113.583151710085,121.666338896576,145.271475515774,142.8633540816,113.522337887776,-25.3132078528928,-28.7646234525442,-47.0008165935847,-42.4012111526474
MYD03.A2024086.1700.061.2024086181419.NRT.hdf,2024-03-26 17:00,61,116512,N,142.902385066923,-42.3462830411528,-64.5674797820896,98.8662269332043,113.619925559701,143.481536270196,142.481435649939,98.6136638184943,-42.3366452358888,-46.6479468204693,-64.9097935715884,-58.0183203432116
MYD03.A2024086.1705.061.2024086181639.NRT.hdf,2024-03-26 17:05,61,116512,N,152.428140561872,-58.056106813059,-82.4264391253538,65.7045237408955,98.9521274747836,143.347958966538,153.171873812258,65.388145793704,-58.0521490093626,-64.432176333737,-82.4942932210311,-69.2346384009658
MYD03.A2024086.1710.061.2024086182139.NRT.hdf,2024-03-26 17:10,61,116512,B,180,-68.3493183447542,-89.9897760610888,-180,65.9094629882199,154.921704093517,-61.3927495493703,14.2276648389991,-69.4940291721572,-81.8696586321552,-79.0098160964492,-68.035008469278
MYD03.A2024086.1715.061.2024086181703.NRT.hdf,2024-03-26 17:15,61,116512,D,13.9179360341622,-55.9052131202051,-79.7666688431874,-62.1543826969367,13.9199275298689,-63.6546716462991,-55.9565440378378,-14.8293091916892,-68.3878244946602,-79.4569574295124,-61.3990471009124,-55.6634491735645
MYD03.A2024086.1720.061.2024086181502.NRT.hdf,2024-03-26 17:20,61,116512,D,-15.4471311724654,-39.8251485062725,-61.9081014847905,-56.8059645579165,-15.4457886074547,-56.4528694719132,-56.8111126252179,-28.2373453033657,-55.9711193126692,-61.8930234771125,-43.5511630262724,-39.6698157665711
MYD03.A2024086.1725.061.2024086181432.NRT.hdf,2024-03-26 17:25,61,116512,D,-28.7742499495542,-22.6842685195627,-43.9664477727334,-58.9502212233708,-28.7709408784745,-56.9564683434234,-58.9733568780456,-35.8602427930546,-39.8968613985713,-43.9860382558689,-25.7488497276992,-22.5950792312601
MYD03.A2024086.1730.061.2024086181421.NRT.hdf,2024-03-26 17:30,61,116513,D,-36.2623303042786,-5.04724598385859,-26.0493427767206,-61.9290192664196,-36.2572049515016,-58.9999955238086,-61.9491972621048,-41.0440789711016,-22.7547116762884,-26.0715787112919,-7.94519234482231,-5.00534064163221
MYD03.A2024086.1735.061.2024086195631.NRT.hdf,2024-03-26 17:35,61,116513,D,-41.2943994146037,12.8266184594094,-8.11589820021156,-65.8423770156428,-41.2865313482352,-61.9206254362833,-65.8632694166769,-44.9559712498463,-5.1193195088089,-8.13521129474901,9.80039281106718,12.8704750476452
