# MODIS Aqua GEOGRAPHIC METADATA TEXT FILE day 2024-04-02
# NFiles = 232, max geo IngestTime = 2024-04-02 19:59:27.409977
# GranuleID,StartDateTime,ArchiveSet,OrbitNumber,DayNightFlag,EastBoundingCoord,NorthBoundingCoord,SouthBoundingCoord,WestBoundingCoord,GRingLongitude1,GRingLongitude2,GRingLongitude3,GRingLongitude4,GRingLatitude1,GRingLatitude2,GRingLatitude3,GRingLatitude4
MYD03.A2024093.0000.061.2024093014556.NRT.hdf,2024-04-02 00:00,61,116604,N,53.9397648951842,47.334132372088,25.917952632916,22.7739284101814,24.5869516814946,53.9412153415298,46.1919013982191,22.7516437802969,47.3527943617401,43.0762652661091,25.836846547452,29.0597487387943
MYD03.A2024093.0005.061.2024093014635.NRT.hdf,2024-04-02 00:05,61,116604,N,45.8461222289291,29.3811461128919,8.21807388853296,19.8270069560401,22.6011351397639,45.8519488409389,40.7423483701434,19.8052183278658,29.4110884097116,25.9881280501111,8.18382508782759,11.1469872902009
MYD03.A2024093.0010.061.2024093014611.NRT.hdf,2024-04-02 00:10,61,116604,N,40.5482711351636,11.3446478318392,-9.6389768943484,16.0170162392317,19.7383982809571,40.5669444121152,36.7416236394768,16.0113480977173,11.3766034085376,8.28742447152279,-9.64895625572418,-6.5826276650323
MYD03.A2024093.0015.061.2024093014628.NRT.hdf,2024-04-02 00:15,61,116604,N,36.748059194582,-6.5131110627594,-27.5692875073761,10.8350671920239,15.9785276323915,36.9305507984889,33.8212724959761,10.8279446566278,-6.48737716904738,-9.58875814155821,-27.7172138142737,-24.1831609296433
MYD03.A2024093.0020.061.2024093014804.NRT.hdf,2024-04-02 00:20,61,116604,N,33.8465188678099,-24.1101568811689,-45.4740431121496,3.05474001647506,10.852563184594,34.1968540044799,31.7338441225272,2.98685038454544,-24.0955608749449,-27.5154301052943,-45.7455068373581,-41.2389846916269
MYD03.A2024093.0025.061.2024093014600.NRT.hdf,2024-04-02 00:25,61,116604,N,31.7777018355734,-41.1896462028792,-63.3237111839784,-10.9431026123261,3.09225022004648,32.335458269926,31.1649942333681,-11.1852729534013,-41.1796946174656,-45.4044344772225,-63.6675003123926,-57.0131552807161
MYD03.A2024093.0030.061.2024093015040.NRT.hdf,2024-04-02 00:30,61,116604,N,38.7202394757574,-57.0394555053693,-81.181490504061,-42.2679557570134,-10.8637555647172,31.9252239937518,39.2224529828485,-42.5837130877726,-57.0349491607558,-63.1989956770717,-81.3187074489745,-68.7514986472959
MYD03.A2024093.0035.061.2024093015842.NRT.hdf,2024-04-02 00:35,61,116604,N,180,-68.9221398802851,-89.9870450096385,-180,-42.0617723518579,41.1850379453127,-174.068726824331,-93.923105923725,-68.9712826923667,-80.7013613702601,-80.2176564545318,-68.5775816598755
MYD03.A2024093.0040.061.2024093015011.NRT.hdf,2024-04-02 00:40,61,116604,B,-94.20654625619,-56.9406794318412,-81.0101169241056,-174.993539714883,-94.204537548759,-176.707027059711,-167.212730042945,-124.737550512775,-68.9553418369295,-80.6455286969046,-62.6313194800162,-56.6904029078572
MYD03.A2024093.0045.061.2024093014934.NRT.hdf,2024-04-02 00:45,61,116604,D,-125.36834355344,-41.069279698229,-63.1476185617508,-167.907161644433,-125.366958733786,-167.738313616247,-167.910036715503,-138.755717646873,-57.0050565279482,-63.1254289306063,-44.8740841283887,-40.9089984391479
MYD03.A2024093.0050.061.2024093014758.NRT.hdf,2024-04-02 00:50,61,116604,D,-139.299602517834,-23.9786715614307,-45.2937555333675,-169.984450599602,-139.296444308827,-168.069714156159,-170.007113357686,-146.643085149337,-41.1407563386712,-45.3128177821117,-27.0686001903078,-23.8852798039478
MYD03.A2024093.0055.061.2024093014855.NRT.hdf,2024-04-02 00:55,61,116604,D,-147.055934997339,-6.27651322341853,-27.378628284894,-172.918756504138,-147.05093099189,-170.041527931655,-172.93896697996,-151.976409295039,-24.0490095267829,-27.4011245479919,-9.17267230402257,-6.23312674326805
MYD03.A2024093.0100.061.2024093014718.NRT.hdf,2024-04-02 01:00,61,116604,D,-152.233583278489,11.5905061976625,-9.35177445407891,-176.765064347327,-152.227375840284,-172.91433962138,-176.776176061717,-155.953091516168,-6.34655694052716,-9.37080578271104,8.57838450070775,11.6277699671445
MYD03.A2024093.0105.061.2024093014712.NRT.hdf,2024-04-02 01:05,61,116605,D,-156.035458717146,29.5529672804689,8.50900927816528,177.949610447707,-155.934805038488,-176.751619652757,177.873372940488,-158.993649743234,11.5284299020753,8.49171220986128,26.1851932388219,29.7123641478172
MYD03.A2024093.0110.061.2024093032641.NRT.hdf,2024-04-02 01:10,61,116605,D,-158.967408244459,47.5168813616733,26.1338087969151,169.810206765283,-158.679865789695,177.966899201283,169.630206074853,-161.124609199839,29.4978480309761,26.1197941724784,43.2358123859185,47.7955932281401
MYD03.A2024093.0115.061.2024093033601.NRT.hdf,2024-04-02 01:15,61,116605,D,-161.079080398437,65.4435358351028,43.2234015041761,154.643530408586,-160.568769825543,169.850333196197,154.29333068769,-161.691757370303,47.4466761080729,43.2142062105892,58.8919161449636,65.7875900548259
MYD03.A2024093.0120.061.2024093033649.NRT.hdf,2024-04-02 01:20,61,116605,D,-150.828118979241,83.3870137585859,58.969665285981,119.659544338364,-160.748651473171,154.723952656468,119.363497100347,-149.949149170922,65.3209806763562,58.9657530870361,69.8467603448931,83.4675879766665
MYD03.A2024093.0125.061.2024093034205.NRT.hdf,2024-04-02 01:25,61,116605,B,180,89.9945333873125,68.0698451336999,-180,-148.216127713912,119.862374496512,67.7179475741749,-2.69533174099943,82.858826866641,70.1239702701615,67.7435869771286,78.0543249868722
MYD03.A2024093.0130.061.2024093033331.NRT.hdf,2024-04-02 01:30,61,116605,N,67.3281250284585,78.7192291972839,55.062134011886,-3.2434587298637,-4.80975797748714,67.3302160706268,39.9761420110544,0.98158559421617,78.4998935631556,68.1049787265151,54.8498266219369,60.3027213116641
MYD03.A2024093.0135.061.2024093033313.NRT.hdf,2024-04-02 01:35,61,116605,N,39.4077145350297,60.7856337687872,38.8225298438296,-0.200276168947873,0.43510831720044,39.4091620630739,27.27430311114,-0.217102439110211,60.7840992584976,55.1265290656584,38.696307457043,42.4623721912246
MYD03.A2024093.0140.061.2024093033316.NRT.hdf,2024-04-02 01:40,61,116605,N,26.8324960533609,42.8582001946385,21.5580617415441,-2.57027814634284,-0.49043831205209,26.8358516451291,19.9710528275645,-2.59369153575833,42.8780982510375,38.8891413472811,21.4888372203446,24.6108712029928
MYD03.A2024093.0145.061.2024093033249.NRT.hdf,2024-04-02 01:45,61,116605,N,19.6571264270539,24.9002707998836,3.77130304291955,-5.72372508426396,-2.72852601937164,19.6620631655858,14.9493145554995,-5.74314683213179,24.9317544905912,21.6286390925825,3.74939069550659,6.70871403116705
MYD03.A2024093.0150.061.2024093033347.NRT.hdf,2024-04-02 01:50,61,116605,N,14.817755006605,6.87290824253886,-14.1143714277408,-9.81828883703712,-5.80698496436785,14.873294180308,11.2539927394028,-9.82462651766161,6.90414070746753,3.83497829039952,-14.1594013460302,-11.0060539210735
MYD03.A2024093.0155.061.2024093033152.NRT.hdf,2024-04-02 01:55,61,116605,N,11.266232891982,-10.9361348508673,-32.0452688499732,-15.4706969686373,-9.82149689260777,11.4829196054219,8.52553816534312,-15.4780587121982,-10.9160406623797,-14.0643317043223,-32.2250410711783,-28.5118916712264
MYD03.A2024093.0200.061.2024093033050.NRT.hdf,2024-04-02 02:00,61,116605,N,8.55479769954612,-28.4390652629841,-49.9343144408021,-24.3012692831647,-15.4500815005656,8.95234034959149,6.6981887830505,-24.4051680157237,-28.4254484600109,-31.9884997835129,-50.2334840049993,-45.3468607781707
MYD03.A2024093.0205.061.2024093033356.NRT.hdf,2024-04-02 02:05,61,116605,N,6.92646864218231,-45.3110411040394,-67.7832872715218,-41.1209014349852,-24.256695191309,7.3659081136854,6.91107301658919,-41.4158131037625,-45.3024275944195,-49.8584187749524,-68.1164138509182,-60.5315802729078
MYD03.A2024093.0210.061.2024093033936.NRT.hdf,2024-04-02 02:10,61,116605,N,27.3655037950365,-60.5927361851839,-85.6418736695055,-79.3720540221325,-41.0218400075036,7.79765727730423,29.6720094808246,-79.5604835394804,-60.5896122937408,-67.6185286282924,-85.4224360884869,-70.1714280815557
MYD03.A2024093.0215.061.2024093034856.NRT.hdf,2024-04-02 02:15,61,116605,B,180,-66.6410071740541,-89.9853378324755,-180,-79.1421146987543,30.7983227294886,165.164825955066,-128.866879665384,-70.4546281911844,-84.7536767291867,-75.8733034269017,-66.3142928376857
MYD03.A2024093.0220.061.2024093033458.NRT.hdf,2024-04-02 02:20,61,116605,D,-129.322214374058,-53.1708445890991,-76.5492684126073,164.728243647528,-129.320308163876,163.623572640291,168.15845908674,-153.890383684845,-66.6866446356759,-76.3449915088195,-58.2031768104742,-52.945573339682
MYD03.A2024093.0225.061.2024093033314.NRT.hdf,2024-04-02 02:25,61,116605,D,-154.514200130042,-36.8736363442849,-58.6874677604658,166.978893432142,-154.512957933295,167.767291028824,166.968437901849,-165.78272308908,-53.2377774529872,-58.689109760372,-40.4296258173451,-36.7320567857358
MYD03.A2024093.0230.061.2024093033316.NRT.hdf,2024-04-02 02:30,61,116605,D,-166.294271317132,-19.6137261060281,-40.8250991879441,164.674090680739,-166.290574608421,166.851465886539,164.650238964229,-172.829718923634,-36.9455511610194,-40.8458316876224,-22.618131307376,-19.5341985228234
MYD03.A2024093.0235.061.2024093033402.NRT.hdf,2024-04-02 02:35,61,116605,D,-173.205789202938,-1.91634320058671,-22.8967332966376,161.547349963104,-173.200425168244,164.637328700859,161.530234685864,-177.733639740966,-19.6839328451488,-22.9187862438997,-4.81943038359532,-1.88231202180983
MYD03.A2024093.0240.061.2024093033335.NRT.hdf,2024-04-02 02:40,61,116606,D,-177.948543929284,16.073253632489,-4.96647602031353,157.395214700945,-177.942096489244,161.556891348685,157.374337078074,178.502161665659,-1.98862118572894,-4.98513558847575,13.0087172476138,16.1379598934677
MYD03.A2024093.0245.061.2024093033337.NRT.hdf,2024-04-02 02:45,61,116606,D,178.472431671166,34.0429387097786,12.9417397495222,151.586174755282,178.618856550589,157.410401436561,151.489310795299,175.702839080773,16.0140844077555,12.9251893786002,30.5144502054284,34.2338623431374
MYD03.A2024093.0250.061.2024093033309.NRT.hdf,2024-04-02 02:50,61,116606,D,175.733612851709,51.9959904886648,30.4699778205364,142.285556309746,176.07154999608,151.606710963624,142.062583843204,173.831853712197,33.9861818897589,30.4571018013509,47.3347964193459,52.3007098569779
MYD03.A2024093.0255.061.2024093045939.NRT.hdf,2024-04-02 02:55,61,116606,D,174.146558189177,69.9245368794066,47.3423109481817,123.863403620729,174.46585143483,142.333260226979,123.473195511263,174.135344936266,51.9203565860028,47.3338958773971,62.3234827989413,70.2580343713071
MYD03.A2024093.0300.061.2024093050023.NRT.hdf,2024-04-02 03:00,61,116606,D,-148.405245963536,87.8683223455204,62.43774381319,81.5272060313846,175.226262480223,123.963167103049,81.431509531094,-142.378302942776,69.7621399842821,62.4356350999362,70.829794084768,87.2420515317184
MYD03.A2024093.0305.061.2024093051354.NRT.hdf,2024-04-02 03:05,61,116606,B,180,89.9935430538821,65.4148589426279,-180,-145.395725954717,81.7530009111449,33.7060746307696,-25.1075412785878,86.6301222121553,71.1517321656826,65.1154089916156,73.6472941254373
MYD03.A2024093.0310.061.2024093050831.NRT.hdf,2024-04-02 03:10,61,116606,N,33.1971345096058,74.2384544060035,51.1696652777243,-25.3883437363245,-26.5425470212246,33.1989717786031,11.2757214551853,-23.8352682698254,74.1135713508359,65.46096417066,50.9799250373624,55.851961023615
MYD03.A2024093.0315.061.2024093050730.NRT.hdf,2024-04-02 03:15,61,116606,N,10.7214638285653,56.3107920027183,34.5781807164073,-25.424498884957,-24.3005668680737,10.7270087972052,0.432262857841294,-25.438679240184,56.3225822443525,51.2354791947572,34.4632160162606,38.0026910045644
MYD03.A2024093.0320.061.2024093050420.NRT.hdf,2024-04-02 03:20,61,116606,N,0.00298265270741316,38.3762360025233,17.1632891103267,-27.9716380022256,-25.6524897202588,0.00857544760344901,-6.1398816226054,-27.9960431883854,38.4040479144503,34.6447811318406,17.1127440628015,20.1499558811432
MYD03.A2024093.0325.061.2024093050411.NRT.hdf,2024-04-02 03:25,61,116606,N,-6.38366804217725,20.414387009057,-0.59858078871145,-31.314456611864,-28.1046177158963,-6.37795608258992,-10.7350143771715,-31.3296737005583,20.4457631336083,17.2340814294078,-0.612765497842563,2.36566410268016
MYD03.A2024093.0330.061.2024093050422.NRT.hdf,2024-04-02 03:30,61,116606,N,-10.8223155907527,2.4935532865942,-18.5933195025247,-35.7318275159635,-31.3782267931068,-10.7351540248969,-14.1919022646017,-35.7383942415227,2.52262046684253,-0.540151887345397,-18.6728410463773,-15.4165149708769
MYD03.A2024093.0335.061.2024093050424.NRT.hdf,2024-04-02 03:35,61,116606,N,-14.1735991642019,-15.3467423957409,-36.5211866654665,-41.9617698516609,-35.7167664581553,-13.9131808675989,-16.7178312077694,-41.9738045305246,-15.3304175249578,-18.5436928846925,-36.7326114505104,-32.8049699585353
MYD03.A2024093.0340.061.2024093050444.NRT.hdf,2024-04-02 03:40,61,116606,N,-16.6846224781254,-32.7337545501505,-54.3920188123243,-52.1115521261167,-41.9371951914368,-16.2374259975172,-18.2326084350762,-52.2560325114744,-32.7212412603765,-36.4606992796951,-54.7166412394648,-49.3656619766183
MYD03.A2024093.0345.061.2024093050802.NRT.hdf,2024-04-02 03:45,61,116606,N,-16.8132523319468,-49.346814805972,-72.2460199241929,-72.6297661960125,-52.0578052929295,-17.4925523397545,-16.7807638612956,-72.9662004525638,-49.339564196446,-54.3085501916723,-72.5504230483938,-63.7504933372539
MYD03.A2024093.0350.061.2024093051350.NRT.hdf,2024-04-02 03:50,61,116606,N,180,-63.854231115422,-89.9862756530385,-180,-72.5041554673609,-15.7948369576501,75.6718083225195,-117.717743730021,-63.8523144115417,-72.0252945242033,-87.5261023878923,-70.6362600490166
MYD03.A2024093.0355.061.2024093051247.NRT.hdf,2024-04-02 03:55,61,116606,B,-117.511804590812,-63.7815717877303,-89.9430396607924,63.4872923244842,-117.504851107682,63.3669045511556,142.38000319682,-161.916452239468,-70.9730491450061,-87.2137663756326,-71.4870247145653,-63.4792861186303
MYD03.A2024093.0400.061.2024093050624.NRT.hdf,2024-04-02 04:00,61,116606,D,-162.473448115974,-49.2454117037216,-72.0853450535075,142.143480987255,-162.471712988729,141.221610403058,143.339381705053,177.706411748549,-63.8360562993132,-71.9643260521652,-53.7716190591699,-49.0435953327745
MYD03.A2024093.0405.061.2024093050448.NRT.hdf,2024-04-02 04:05,61,116606,D,177.102595224007,-32.6207473222683,-54.2272319409974,141.798255342333,177.104459223005,143.048471997035,141.782603807877,167.470157318647,-49.3137939709473,-54.2406108527548,-35.9809832534919,-32.4963510539841
MYD03.A2024093.0410.061.2024093050440.NRT.hdf,2024-04-02 04:10,61,116606,D,166.991341360867,-15.2207688901412,-36.3498575087839,139.283071077768,166.995511963586,141.699582353833,139.259556139566,161.110850533622,-32.6929557202583,-36.371520589533,-18.1666008855325,-15.1544030575549
MYD03.A2024093.0415.061.2024093050453.NRT.hdf,2024-04-02 04:15,61,116606,D,160.774012504847,2.5435816534764,-18.4129556844277,135.938173908202,160.779690507885,139.262924074272,135.925460670627,156.559134038975,-15.2909499219008,-18.4341694958411,-0.385320272025389,2.56885260190834
MYD03.A2024093.0420.061.2024093050444.NRT.hdf,2024-04-02 04:20,61,116607,D,156.385790678738,20.5606317411815,-0.498102989600994,131.454072763187,156.395972032856,135.948145823408,131.418246497995,153.011039254582,2.47168704874251,-0.516398864064009,17.4206398557785,20.654391892509
MYD03.A2024093.0425.061.2024093050505.NRT.hdf,2024-04-02 04:25,61,116607,D,153.031466045698,38.5317034297198,17.3575473076608,125.01768657276,153.222973917972,131.471445225082,124.89797849582,150.452016639682,20.5030300733263,17.3417780596051,34.8037589892781,38.7530524363526
MYD03.A2024093.0430.061.2024093050535.NRT.hdf,2024-04-02 04:30,61,116607,D,150.486605816766,56.4712810709462,34.7674946804975,114.251986550044,150.87787540712,125.042208422584,113.973708337489,148.898352165632,38.4722867748768,34.7556946282688,51.3319649248045,56.799402461396
MYD03.A2024093.0435.061.2024093063439.NRT.hdf,2024-04-02 04:35,61,116607,D,150.605457798936,74.4062900350548,51.3630251414393,91.5442103091165,149.618644928953,114.309358349512,91.1385815489275,150.65510202244,56.3885206573694,51.3579346424617,65.4038320032138,74.7103647281918
MYD03.A2024093.0440.061.2024093064746.NRT.hdf,2024-04-02 04:40,61,116607,D,180,89.9936118828042,65.5610731904101,-180,151.943520464249,91.6721276931971,42.8639081837045,-78.2705123094114,74.1843183882094,65.5603353937243,70.7828690158052,86.4529338881512
MYD03.A2024093.0445.061.2024093064700.NRT.hdf,2024-04-02 04:45,61,116607,B,42.9316921176291,87.700148442248,62.276157982985,-84.4019913094667,-88.3081814891467,42.9335666098609,1.51850798547822,-48.7937549476141,86.5954012867823,71.1354134219977,62.0071542454337,69.2145652493766
MYD03.A2024093.0450.061.2024093064456.NRT.hdf,2024-04-02 04:50,61,116607,N,0.957065807248878,69.7572079013634,47.1462426390635,-48.9561556252723,-49.8477402846919,0.958713687042008,-16.7714772785517,-48.7911728520651,69.6894024974147,62.3292981001431,46.9799600797384,51.3960165230692
MYD03.A2024093.0455.061.2024093064257.NRT.hdf,2024-04-02 04:55,61,116607,N,-17.2897799486873,51.8362047801407,30.2730428896526,-50.6732609422856,-49.1701843409754,-17.2871281585367,-26.1582871448011,-50.6921338637957,51.8525269429009,47.2136880308543,30.1789840915848,33.5410850208073
MYD03.A2024093.0500.061.2024093064312.NRT.hdf,2024-04-02 05:00,61,116607,N,-26.5294754787368,33.8881059821273,12.74681663396,-53.4143902387719,-50.8713292897886,-26.5246477343817,-32.0940797643059,-53.4379456704739,33.9156850559585,30.3406110252567,12.7044537057971,15.6974720026252
MYD03.A2024093.0505.061.2024093064224.NRT.hdf,2024-04-02 05:05,61,116607,N,-32.3143553357996,15.9281393325712,-5.06590324260119,-56.9786378547807,-53.5271426107685,-32.3082445379791,-36.3808091767815,-56.9889542667635,15.959019814801,12.8181716938867,-5.07376840455134,-2.0592955172973
MYD03.A2024093.0510.061.2024093064313.NRT.hdf,2024-04-02 05:10,61,116607,N,-36.4307359010398,-1.96562431142287,-23.0760634156856,-61.7463215444361,-57.0175319030454,-36.2992549219963,-39.5870705699843,-61.7519657202156,-1.93982586371345,-5.01183092755027,-23.1894017539368,-19.809897106835
MYD03.A2024093.0515.061.2024093064309.NRT.hdf,2024-04-02 05:15,61,116607,N,-39.5631284582934,-19.7401042993579,-40.9960725769191,-68.6562826797137,-61.729605296596,-39.2572392767703,-41.9001925884938,-68.708965558952,-19.7253597782327,-23.0256872940629,-41.238388474881,-37.0512898966407
MYD03.A2024093.0520.061.2024093064334.NRT.hdf,2024-04-02 05:20,61,116607,N,-41.8635336855584,-36.992617259706,-58.8527570051431,-80.511277790973,-68.6277390384268,-41.3629548855336,-43.0162260481701,-80.6706490775671,-36.9833085676362,-40.9308059381394,-59.1952666036614,-53.2772878584294
MYD03.A2024093.0525.061.2024093064508.NRT.hdf,2024-04-02 05:25,61,116607,N,-39.4744401487245,-53.268788135974,-76.7101935317541,-105.825035360574,-80.4456683119346,-42.1862740895778,-39.3219193900857,-106.180024308769,-53.2629406459998,-58.7528737589973,-76.9564573424552,-66.5465872517282
MYD03.A2024093.0530.061.2024093065045.NRT.hdf,2024-04-02 05:30,61,116607,N,180,-66.7038679403407,-89.9864176580355,-180,-105.667517331792,-38.2365582140913,101.5124453352,-155.816218958459,-66.7030352648644,-76.4026508575604,-84.4381928082017,-70.0806520053372
MYD03.A2024093.0535.061.2024093064649.NRT.hdf,2024-04-02 05:35,61,116607,B,-155.869677401347,-60.5091278473343,-85.4806148834604,98.6851479390215,-155.865850678129,95.2094202154028,118.399333713859,166.660026056531,-70.4478182950765,-84.7111484235729,-67.0694232378717,-60.2334791885477
MYD03.A2024093.0540.061.2024093064411.NRT.hdf,2024-04-02 05:40,61,116607,D,166.054932609049,-45.2053151626412,-67.6209367773928,118.259428280872,166.056484475179,117.657150499026,118.386151076929,149.883913741046,-60.5698167011158,-67.5597317372017,-49.3286510341705,-45.0251810970167
MYD03.A2024093.0545.061.2024093064313.NRT.hdf,2024-04-02 05:45,61,116607,D,149.30600754401,-28.3230136653594,-49.7677401371139,116.559418217594,149.308567267276,118.171753022427,116.539269449523,140.950872682941,-45.2745862628534,-49.7845413955146,-31.5308327687117,-28.214639392979
MYD03.A2024093.0550.061.2024093064309.NRT.hdf,2024-04-02 05:50,61,116607,D,140.50696480033,-10.8076061464645,-31.8715043043736,113.837694504476,140.511583728926,116.478847923965,113.815128916177,135.163065536781,-28.3953043568353,-31.8937712679047,-13.7189005211609,-10.7530705372475
MYD03.A2024093.0555.061.2024093064320.NRT.hdf,2024-04-02 05:55,61,116607,D,134.86482830282,7.01151415820581,-13.9320058925569,110.258768929776,134.870795116539,113.833821195294,110.251539578282,130.916996193383,-10.8777247096628,-13.9521559289773,4.03808952179215,7.02907022279247
MYD03.A2024093.0600.061.2024093064307.NRT.hdf,2024-04-02 06:00,61,116608,D,130.785834189586,25.0481620842303,3.95930238549773,105.399112278644,130.841110011514,110.270981665987,105.342662121477,127.614768042112,6.94519550625086,3.94137068100057,21.8076132822424,25.1746876285419
MYD03.A2024093.0605.061.2024093064313.NRT.hdf,2024-04-02 06:05,61,116608,D,127.640601050752,43.0153505172102,21.7495598544695,98.2876353957792,127.871750957957,105.416362072973,98.0543139244345,125.254446593635,24.9904583367763,21.7347519202323,39.0404015397754,43.2651707770688
MYD03.A2024093.0610.061.2024093081244.NRT.hdf,2024-04-02 06:10,61,116608,D,125.291716032587,60.9458403338795,39.0434870033622,85.5210303208195,125.738152636615,98.2917676080764,85.2920841235406,124.10462863769,42.9523075036531,39.0311630504892,55.2228290225665,61.2954663783077
MYD03.A2024093.0615.061.2024093082213.NRT.hdf,2024-04-02 06:15,61,116608,D,128.486712489075,78.8851716824118,55.2440145658093,57.3053544757639,124.940858655946,85.5922483804524,56.9143527899707,128.705071447103,60.847125735793,55.2385761735212,67.9650031410644,79.1226412001194
MYD03.A2024093.0620.061.2024093082630.NRT.hdf,2024-04-02 06:20,61,116608,D,180,89.99294457184,68.178448229995,-180,130.256394784253,57.4667763288531,5.07263749581521,-82.3260570247224,78.564597943506,68.177720845076,69.7008718837182,82.4189100690612
MYD03.A2024093.0625.061.2024093082340.NRT.hdf,2024-04-02 06:25,61,116608,B,4.87521471598084,83.221368781939,58.8007942812433,-83.7191721394802,-86.2281623812335,4.87725370445899,-29.1869763066974,-73.1553809642576,82.8017592013276,70.0748847228956,58.5603904675886,64.7719330917083
MYD03.A2024093.0630.061.2024093082044.NRT.hdf,2024-04-02 06:30,61,116608,N,-29.7633690694873,65.2804957922362,43.0320504774797,-73.8404288668587,-73.8811559173342,-29.7619021098707,-44.314326527806,-73.840748770556,65.2536848147541,58.858724167039,42.8863997517141,46.9384090705355
MYD03.A2024093.0635.061.2024093082047.NRT.hdf,2024-04-02 06:35,61,116608,N,-44.7994420467022,47.360624695509,25.9405024396213,-75.9747981533314,-74.1637987463836,-44.7961507617513,-52.5503300931782,-75.9967820586243,47.3801125713167,43.1006162581191,25.8613085700101,29.0843098554121
MYD03.A2024093.0640.061.2024093082039.NRT.hdf,2024-04-02 06:40,61,116608,N,-52.8820524246049,29.4032215788863,8.31903912736454,-78.9065969127944,-76.1461066240803,-52.8768355341743,-57.9674587861312,-78.9284651886865,29.4321583073467,26.0084959360594,8.28668330804913,11.2527273178732
MYD03.A2024093.0645.061.2024093082037.NRT.hdf,2024-04-02 06:45,61,116608,N,-58.1472264189429,11.4509980542995,-9.53386894671785,-82.7169984841757,-79.0038022034046,-58.140865877058,-61.9710913062769,-82.7230427420394,11.4816388317577,8.3904809536638,-9.54655653061856,-6.47641180607486
MYD03.A2024093.0650.061.2024093082036.NRT.hdf,2024-04-02 06:50,61,116608,N,-61.9782719230619,-6.40647327053913,-27.5514037550426,-87.9052272672536,-82.745135459762,-61.8061294553953,-64.9362899034709,-87.9123040011226,-6.38165597954771,-9.48223889470503,-27.6981643856542,-24.166913157835
MYD03.A2024093.0655.061.2024093082041.NRT.hdf,2024-04-02 06:55,61,116608,N,-64.9074128613162,-24.0975402445291,-45.4592838540318,-95.6794310387901,-87.8850254569379,-64.5495319922488,-67.0125918216884,-95.746615516096,-24.0824189553878,-27.4996473027815,-45.7300841116366,-41.2286749995243
MYD03.A2024093.0700.061.2024093082054.NRT.hdf,2024-04-02 07:00,61,116608,N,-66.974534811522,-41.1752252484913,-63.3082666624694,-109.671855225956,-95.6445988009895,-66.4148767452197,-67.5882096472471,-109.912024341444,-41.1651543646211,-45.3885210337751,-63.6518545516119,-57.0014323975431
MYD03.A2024093.0705.061.2024093082324.NRT.hdf,2024-04-02 07:05,61,116608,N,-59.6105511092962,-57.0312065553659,-81.1679885027683,-140.980800657933,-109.590675661237,-66.6661416795485,-59.0889527032,-141.295090152115,-57.0267436412499,-63.1804835085403,-81.2885242207261,-68.7509279490152
MYD03.A2024093.0710.061.2024093082832.NRT.hdf,2024-04-02 07:10,61,116608,N,180,-68.9280642499226,-89.9901927133129,-180,-140.785206660203,-58.0381173947322,87.6025108609308,167.36819521569,-68.9670471850786,-80.7072208225009,-80.2456882160882,-68.5846185593326
MYD03.A2024093.0715.061.2024093082342.NRT.hdf,2024-04-02 07:15,61,116608,B,167.075179647189,-56.9519087748159,-81.0236518722157,86.6668062448368,167.078243269938,84.4999438258386,94.0253091325576,136.524223337817,-68.9632023696948,-80.6491126775975,-62.6514334862191,-56.7021929746409
MYD03.A2024093.0720.061.2024093082115.NRT.hdf,2024-04-02 07:20,61,116608,D,135.903918011957,-41.0836801801581,-63.1630171033264,93.3395465117559,135.905303361656,93.5020028512003,93.3367526789792,122.507804072402,-57.0168371752101,-63.1403246940354,-44.8903184710891,-40.9236831088355
MYD03.A2024093.0725.061.2024093082200.NRT.hdf,2024-04-02 07:25,61,116608,D,121.960074206521,-23.9935778774493,-45.3085803624851,91.2583082547011,121.963246113389,93.1685722066984,91.2357624174865,114.61432633847,-41.1535764851528,-45.3277185427692,-27.0851817448973,-23.9003038204696
MYD03.A2024093.0730.061.2024093082105.NRT.hdf,2024-04-02 07:30,61,116608,D,114.206316956589,-6.38179856554557,-27.3961080850529,88.3431410149655,114.211629367596,91.2052904541071,88.3227280700696,109.306959641418,-24.0659100992045,-27.4186821849045,-9.27863595522717,-6.33806389675292
MYD03.A2024093.0735.061.2024093082054.NRT.hdf,2024-04-02 07:35,61,116608,D,109.048156176437,11.4820859363899,-9.45896472648775,84.5054259382215,109.054370085788,88.3477677371098,84.4940091717775,105.324884791362,-6.45193141334129,-9.47819467591657,8.47002209208019,11.5185811122707
MYD03.A2024093.0740.061.2024093082039.NRT.hdf,2024-04-02 07:40,61,116609,D,105.242835645541,29.528797738802,8.40050963362746,79.2030351375101,105.310874092665,84.5186549470614,79.1270166973879,102.228840216085,11.416242021281,8.38307355890798,26.1637963534994,29.6887124941368
MYD03.A2024093.0745.061.2024093082045.NRT.hdf,2024-04-02 07:45,61,116609,D,102.258375458483,47.4905037666561,26.1120962566803,71.08286148333,102.535953612013,79.2258437894784,70.8950957095133,100.080835999871,29.4719244223621,26.0951870866886,43.2140525092285,47.7662154685939
MYD03.A2024093.0750.061.2024093095103.NRT.hdf,2024-04-02 07:50,61,116609,D,100.118978735727,65.4190520376388,43.2038995844,55.9215022138831,100.67822713769,71.120992212526,55.5798346067188,99.5506843413057,47.4244224055466,43.1909486724384,58.875267898092,65.759535874048
MYD03.A2024093.0755.061.2024093100001.NRT.hdf,2024-04-02 07:55,61,116609,D,110.416641908395,83.359552762776,58.9503390464997,20.9824143259791,100.516613695984,56.0087012543833,20.6895047868531,111.289544364105,65.2934727436627,58.9459828081789,69.8402439941238,83.4383338347315
MYD03.A2024093.0800.061.2024093100445.NRT.hdf,2024-04-02 08:00,61,116609,B,180,89.999235291979,68.0844346681978,-180,112.96860610956,21.1788699596624,-30.9628824327576,-101.465189079312,82.8362235256113,70.1105454512075,67.7531105462168,78.0800539010315
MYD03.A2024093.0805.061.2024093100028.NRT.hdf,2024-04-02 08:05,61,116609,N,-31.3715881703401,78.7474394362928,55.0874302253589,-102.044374171204,-103.5965812339,-31.3592883164324,-58.7505660333814,-97.7713527258708,78.5279447842958,68.1224640923737,54.8750355765365,60.3299284147021
MYD03.A2024093.0810.061.2024093095825.NRT.hdf,2024-04-02 08:10,61,116609,N,-59.3124061241886,60.8108375629518,38.8479823474908,-98.9670848089808,-98.3341451821698,-59.3110961038944,-71.4578219384279,-98.9755167263389,60.8080588768569,55.1481782639328,38.7208319504331,42.4883328714731
MYD03.A2024093.0815.061.2024093095816.NRT.hdf,2024-04-02 08:15,61,116609,N,-71.9077142206572,42.8877629090781,21.5827127705308,-101.283491900985,-99.1978996082395,-71.9038678013286,-78.772090911414,-101.307356658592,42.909058678315,38.9171257414833,21.5166495804277,24.6327689939496
MYD03.A2024093.0820.061.2024093095819.NRT.hdf,2024-04-02 08:20,61,116609,N,-79.0672562028817,24.9221047099421,3.88385092250517,-104.452724175445,-101.474072004543,-79.0615468070354,-83.7543211673871,-104.471250662156,24.9513453588155,21.6512133227493,3.86045058018496,6.82529700835453
MYD03.A2024093.0825.061.2024093095818.NRT.hdf,2024-04-02 08:25,61,116609,N,-83.8948058747476,6.9867304241874,-13.9998950081031,-108.534752006054,-104.532445473916,-83.853664992708,-87.4770545305865,-108.54108673083,7.01667727273375,3.95005548163144,-14.0449279838283,-10.8951013822744
MYD03.A2024093.0830.061.2024093095842.NRT.hdf,2024-04-02 08:30,61,116609,N,-87.4648372770268,-10.8253159384956,-32.0194833191208,-114.206922880343,-108.541635996734,-87.2463853596569,-90.2229572787811,-114.214239854079,-10.804434232786,-13.9502362877327,-32.1990120694573,-28.4882678283119
MYD03.A2024093.0835.061.2024093095830.NRT.hdf,2024-04-02 08:35,61,116609,N,-90.189103435087,-28.4191965310152,-49.910902871368,-123.027939601386,-114.18386774747,-89.7905402221827,-92.0435370325992,-123.130689942359,-28.4056198796392,-31.9642503000652,-50.2100813041278,-45.3299432449944
MYD03.A2024093.0840.061.2024093095926.NRT.hdf,2024-04-02 08:40,61,116609,N,-91.8227857354762,-45.2898526364069,-67.7590852580397,-139.832244110767,-122.985605643873,-91.3808693518526,-91.8382542569247,-140.124900094077,-45.2811456194424,-49.8337772775724,-68.0919196582662,-60.5153368015689
MYD03.A2024093.0845.061.2024093100203.NRT.hdf,2024-04-02 08:45,61,116609,N,-71.1388141012364,-60.5800308436982,-85.6194469315759,-178.055087134856,-139.731487266434,-90.860275828535,-68.8266581099725,-178.243042284588,-60.5769710840618,-67.5924749886079,-85.3853544644842,-70.1732461245848
MYD03.A2024093.0850.061.2024093100604.NRT.hdf,2024-04-02 08:50,61,116609,B,180,-66.6724007383072,-89.9905005661521,-180,-177.826092538885,-68.5109075567557,66.5888711990612,132.435524847823,-70.4508516299732,-84.7574496528642,-75.902594081108,-66.3301355198776
MYD03.A2024093.0855.061.2024093100108.NRT.hdf,2024-04-02 08:55,61,116609,D,131.937758682439,-53.1909235328508,-76.571591734745,66.1471075870947,131.939668233376,64.8304497092154,69.3970548436179,107.344570487077,-66.7197072063125,-76.3622275267391,-58.2274698634122,-52.9767384320394
MYD03.A2024093.0900.061.2024093095902.NRT.hdf,2024-04-02 09:00,61,116609,D,106.761274221323,-36.8975445559949,-58.7115425017979,68.2263330971743,106.762517149969,69.0078095130098,68.2159698646674,95.4829948749265,-53.2588905638422,-58.7126972325765,-40.454556711705,-36.7561321209609
MYD03.A2024093.0905.061.2024093095842.NRT.hdf,2024-04-02 09:05,61,116609,D,94.967514688057,-19.6374298946933,-40.8487470652365,65.9185452632128,94.9712239037211,68.0910594749691,65.8947998494542,88.4294594403846,-36.9676748651499,-40.8695454723188,-22.643146500035,-19.5582550833002
MYD03.A2024093.0910.061.2024093095846.NRT.hdf,2024-04-02 09:10,61,116609,D,88.059335753801,-1.94435373567776,-22.9229712618433,62.7972274378223,88.0646980396392,65.8839450184907,62.7800815981331,83.5304861793108,-19.7098474657756,-22.945033831008,-4.84728330951961,-1.91044366860688
MYD03.A2024093.0915.061.2024093095840.NRT.hdf,2024-04-02 09:15,61,116610,D,83.3125027340816,15.9559061659109,-4.99373017970847,58.670533893523,83.318937261015,62.802984180158,58.6451354244567,79.7822308631969,-2.01444424660387,-5.01248690845106,12.8913522406394,16.0201395789929
MYD03.A2024093.0920.061.2024093095844.NRT.hdf,2024-04-02 09:20,61,116610,D,79.7493345102427,34.0075814592185,12.8251589224483,52.8912066800904,79.8175950617601,58.6857755967483,52.7480031147657,76.869889244293,15.8890424673723,12.8084220052753,30.4846428661791,34.1987000373094
MYD03.A2024093.0925.061.2024093114133.NRT.hdf,2024-04-02 09:25,61,116610,D,76.8938467787678,51.9620382621165,30.45215265825,43.5503944156807,77.331562828158,52.9163767070041,43.39048534434,75.0948889712886,33.9545118489833,30.4353949931459,47.323695961565,52.262601909928
MYD03.A2024093.0930.061.2024093115601.NRT.hdf,2024-04-02 09:30,61,116610,D,75.4071639628682,69.8919813325709,47.3082543045866,25.1566063561197,75.7253700563524,43.5922127777771,24.758096668042,75.3960377343755,51.889243104247,47.3001578193565,62.2933824282027,70.2243732573686
MYD03.A2024093.0935.061.2024093115731.NRT.hdf,2024-04-02 09:35,61,116610,D,112.471163650821,87.832455561803,62.4123532210985,-17.111776220687,76.4902273379974,25.2633790884973,-17.2105019883771,118.388744760333,69.7263656826626,62.4102210767303,70.825698133552,87.2135465377052
MYD03.A2024093.0940.061.2024093120054.NRT.hdf,2024-04-02 09:40,61,116610,B,180,89.9968035419997,65.4351390047881,-180,115.672156461535,-16.8916454496133,-64.9770467937799,-123.94261258151,86.5925334160887,71.1464735130166,65.1366383384826,73.6776782241944
MYD03.A2024093.0945.061.2024093115406.NRT.hdf,2024-04-02 09:45,61,116610,N,-65.4875517747856,74.2748698196423,51.2033207519486,-124.24405088628,-125.258888323039,-65.4857134022078,-87.4457805523163,-122.558414786849,74.1533802068458,65.4854286083164,51.0125203119111,55.8873895261871
MYD03.A2024093.0950.061.2024093115423.NRT.hdf,2024-04-02 09:50,61,116610,N,-87.9957071254486,56.3446262603965,34.6072011516071,-124.171555188159,-123.052992282197,-87.9944680322064,-98.3010337610478,-124.185579452168,56.3535485918635,51.2667879463529,34.4964536325899,38.0385854014886
MYD03.A2024093.0955.061.2024093115417.NRT.hdf,2024-04-02 09:55,61,116610,N,-98.7183622359736,38.413185682711,17.1989590135269,-126.718521865117,-124.402976671708,-98.7125756991713,-104.866705715296,-126.742803070379,38.4396353912497,34.6765930082333,17.1464220404147,20.1877815009426
MYD03.A2024093.1000.061.2024093115429.NRT.hdf,2024-04-02 10:00,61,116610,N,-105.116251906486,20.4479829853778,-0.563786831493234,-130.054158625859,-126.847091804551,-105.11039131283,-109.469155081592,-130.069364445477,20.4785694036502,17.2677593997364,-0.579013740825175,2.3984799154912
MYD03.A2024093.1005.061.2024093115414.NRT.hdf,2024-04-02 10:05,61,116610,N,-109.567264877227,2.52965292640675,-18.469846366023,-134.44443366863,-130.116567042202,-109.48272083663,-112.922247477051,-134.451036673683,2.55818038965811,-0.503276048555769,-18.5488622793853,-15.2964620405238
MYD03.A2024093.1010.061.2024093115424.NRT.hdf,2024-04-02 10:10,61,116610,N,-112.903989635118,-15.2267846456051,-36.3983429183398,-140.655679750865,-134.429204042338,-112.643924403603,-115.451810886612,-140.667183746251,-15.2104534949247,-18.4203016173122,-36.6091084654567,-32.6895227673629
MYD03.A2024093.1015.061.2024093115426.NRT.hdf,2024-04-02 10:15,61,116610,N,-115.419137101776,-32.6181494032611,-54.3585254510091,-150.829930976599,-140.631308816184,-114.962397434558,-116.974063720019,-150.974080503758,-32.6056440654629,-36.3382686056148,-54.6855718082082,-49.3397312414925
MYD03.A2024093.1020.061.2024093115604.NRT.hdf,2024-04-02 10:20,61,116610,N,-115.568333811313,-49.3166766951572,-72.2117928305535,-171.317912717755,-150.778660491853,-116.239437296677,-115.536291235097,-171.652883452605,-49.3093567856044,-54.2739088929355,-72.5158656607748,-63.7283908280652
MYD03.A2024093.1025.061.2024093120004.NRT.hdf,2024-04-02 10:25,61,116610,N,180,-63.8357695423481,-89.9880312184125,-180,-171.192006817008,-114.495541293641,-23.9151708240454,143.63315080839,-63.833930218509,-71.9903423014761,-87.5150484451332,-70.6417322467428
MYD03.A2024093.1030.061.2024093120116.NRT.hdf,2024-04-02 10:30,61,116610,B,143.845493919127,-63.8048246074342,-89.9754749129367,-36.0584503069622,143.847168787888,-36.1573345027655,43.6432338935531,99.3256831710747,-71.0148196085653,-87.2198628125784,-71.5157018403739,-63.5324904145693
MYD03.A2024093.1035.061.2024093115616.NRT.hdf,2024-04-02 10:35,61,116610,D,98.8259766623887,-49.2758791908152,-72.1185200773138,43.3931424053271,98.8277132654189,42.4441243102602,44.5834321523551,78.9784712811857,-63.859655811556,-71.9958301868191,-53.8063163654688,-49.0738441345884
MYD03.A2024093.1040.061.2024093115439.NRT.hdf,2024-04-02 10:40,61,116610,D,78.3809305078848,-32.6544778035823,-54.2617069884517,43.0474812199151,78.3827671341824,44.2915058920442,43.0318184381898,68.7375100232387,-49.3454431935067,-54.2748316565236,-36.0156225061265,-32.5303019372208
MYD03.A2024093.1045.061.2024093115418.NRT.hdf,2024-04-02 10:45,61,116610,D,68.2553447660809,-15.254261141338,-36.383410913879,40.530460357479,68.2595276117317,42.9424258203025,40.5067165544131,62.371356745523,-32.7248924923183,-36.4053656896022,-18.2008187625318,-15.1879989178285
MYD03.A2024093.1050.061.2024093115420.NRT.hdf,2024-04-02 10:50,61,116610,D,62.0391159230797,2.50661983325053,-18.4486546960232,37.2265254997835,62.0447949260603,40.5367564555982,37.2008513669701,57.8227953883393,-15.3266555803673,-18.4678242958929,-0.418232991762127,2.53187348011086
MYD03.A2024093.1055.061.2024093115440.NRT.hdf,2024-04-02 10:55,61,116611,D,57.6454704167735,20.4349502005356,-0.529430076760314,32.746419390677,57.652099061287,37.2272718347736,32.7263532803711,54.2842688064333,2.43649384605306,-0.544902142301541,17.302089786239,20.5303965420372
MYD03.A2024093.1100.061.2024093115458.NRT.hdf,2024-04-02 11:00,61,116611,D,54.3042851765897,38.4053809492325,17.2357267874145,26.3223404043226,54.4960684767374,32.7633528540619,26.2116895001203,51.7224832377808,20.3773230591994,17.2206740694663,34.6859988538564,38.6266961049143
MYD03.A2024093.1105.061.2024093115440.NRT.hdf,2024-04-02 11:05,61,116611,D,51.7570848714451,56.4312484736393,34.6472170129137,15.5190021481729,52.1514990675408,26.3468396140587,15.2560088701033,50.154814392251,38.3461507958219,34.6354826751376,51.2982200514384,56.7618951971171
MYD03.A2024093.1110.061.2024093115450.NRT.hdf,2024-04-02 11:10,61,116611,D,51.8483749795175,74.3684157109494,51.322803552353,-7.14759749864778,50.8724688984642,15.5704479570349,-7.56024181347983,51.8972342318917,56.3514198769338,51.3164268368345,65.3682185374016,74.6713755406535
MYD03.A2024093.1115.061.2024093132445.NRT.hdf,2024-04-02 11:15,61,116611,D,180,89.9952101710203,65.5297729048054,-180,53.1922927590256,-7.01241833201985,-55.7596946695779,-177.491626344895,74.1438533881075,65.5285948979822,70.7807990055822,86.4824517710996
MYD03.A2024093.1120.061.2024093133118.NRT.hdf,2024-04-02 11:20,61,116611,B,-55.6958592475575,87.7380682208887,62.3053749756798,176.36276368848,172.202388446513,-55.6939873039423,-97.170173519579,-147.615931397785,86.6020036063758,71.1388478872797,62.0349058693014,69.2496913199587
MYD03.A2024093.1125.061.2024093132923.NRT.hdf,2024-04-02 11:25,61,116611,N,-97.7387742864715,69.7982093429967,47.1936271475338,-147.793656096886,-148.618303027815,-97.7370744417066,-115.497889990588,-147.544420688383,69.7326281709884,62.3618425363118,47.0187984352131,51.4350302526258
MYD03.A2024093.1130.061.2024093132911.NRT.hdf,2024-04-02 11:30,61,116611,N,-116.032032937787,51.8744831174053,30.3105203557849,-149.416432258631,-147.916164405381,-116.030963146016,-124.90937829533,-149.435381107933,51.8922431538932,47.2559319933862,30.2212287795926,33.5778593000963
MYD03.A2024093.1135.061.2024093132735.NRT.hdf,2024-04-02 11:35,61,116611,N,-125.265013749026,33.9298726032388,12.7877033826617,-152.158591325695,-149.617945162054,-125.260254042519,-130.834090075381,-152.182163160023,33.9573444112496,30.3804833212752,12.7449417150838,15.7387657692292
MYD03.A2024093.1140.061.2024093132737.NRT.hdf,2024-04-02 11:40,61,116611,N,-131.051260684909,15.9664253500633,-5.02674164701727,-155.718832480352,-152.269648284944,-131.045104033117,-135.11986989065,-155.729064978174,15.9971801387102,12.8567861190909,-5.03488877117912,-2.021539943119
MYD03.A2024093.1145.061.2024093132732.NRT.hdf,2024-04-02 11:45,61,116611,N,-135.175815873218,-1.9242364479656,-22.9476591118617,-160.464025085488,-155.764387904445,-135.0461965169,-138.318216572033,-160.470891060033,-1.89757963684676,-4.97071028072621,-23.0604507300337,-19.682653018987
MYD03.A2024093.1150.061.2024093132742.NRT.hdf,2024-04-02 11:50,61,116611,N,-138.294609548614,-19.6131572015288,-40.8682515580608,-167.367793039801,-160.446591469093,-137.989582537192,-140.637338885392,-167.404677340437,-19.5976925702814,-22.8974116636313,-41.1096645495383,-36.929068109137
MYD03.A2024093.1155.061.2024093132732.NRT.hdf,2024-04-02 11:55,61,116611,N,-140.601067446345,-36.8654320092894,-58.813746930542,-179.223187067396,-167.33876176429,-140.090391589032,-141.761691860639,-179.412465486025,-36.8541716470121,-40.8034097799194,-59.1567436722089,-53.2352676788436
MYD03.A2024093.1200.061.2024093132954.NRT.hdf,2024-04-02 12:00,61,116611,N,-138.411623435167,-53.2331379705085,-76.6705066280334,155.509109642252,-179.160261861676,-141.010574309299,-138.265977412801,155.154564627318,-53.2272318058567,-58.7142161893738,-76.9224663716083,-66.5227443357806
MYD03.A2024093.1205.061.2024093133453.NRT.hdf,2024-04-02 12:05,61,116611,N,180,-66.6839207975334,-89.986260590283,-180,155.67246613055,-136.948902995461,2.42918158663623,105.545257899154,-66.6812272511848,-76.3627094771492,-84.469783437503,-70.0922046143463
MYD03.A2024093.1210.061.2024093133108.NRT.hdf,2024-04-02 12:10,61,116611,B,105.461524689174,-60.5395830459372,-85.520411411568,-0.387361998848165,105.46348175534,-3.86266942872405,19.6292252252082,67.8810452993067,-70.5087041782365,-84.7467203952656,-67.1020327006686,-60.2979309671854
MYD03.A2024093.1215.061.2024093132848.NRT.hdf,2024-04-02 12:15,61,116611,D,67.3532885737329,-45.2404086714804,-67.659134888299,19.4734120514527,67.3548417926967,18.899248612017,19.6384430298828,51.1558546063813,-60.6000152864789,-67.5987117442045,-49.365207698644,-45.0602575921541
MYD03.A2024093.1220.061.2024093132756.NRT.hdf,2024-04-02 12:20,61,116611,D,50.5840643546688,-28.3608992301624,-49.8077206424292,17.810949015871,50.5865911535102,19.4194635094413,17.7909880767259,42.218161962024,-45.311107153739,-49.8243737598873,-31.5703277983458,-28.2526378847451
MYD03.A2024093.1225.061.2024093132743.NRT.hdf,2024-04-02 12:25,61,116611,D,41.7703454429708,-10.8479728745514,-31.909916243483,15.1243388988892,41.7749623824664,17.7651270934889,15.0991022493711,36.4226849096237,-28.4313016228258,-31.9307270079361,-13.7541204048381,-10.7903791121731
MYD03.A2024093.1230.061.2024093132754.NRT.hdf,2024-04-02 12:30,61,116611,D,36.1123737380138,6.97059469779886,-13.9681550217393,11.5323284589943,36.1185986065824,15.106453631538,11.5262087675681,32.1624527455456,-10.9199006410725,-13.9882363733141,4.00019126905863,6.98742282714056
MYD03.A2024093.1235.061.2024093132750.NRT.hdf,2024-04-02 12:35,61,116612,D,32.0330333163709,24.9202127456879,3.92339330826338,6.69923012114939,32.0871526924686,11.5414479387468,6.64378769915347,28.8756904401786,6.90661208451508,3.90605484437033,21.6853140599692,25.0461840004484
MYD03.A2024093.1240.061.2024093132750.NRT.hdf,2024-04-02 12:40,61,116612,D,28.9006416228405,42.8881598126203,21.6274757591164,-0.478478407429961,29.1294479072004,6.71784294906327,-0.618928177062894,26.5041922665269,24.8624662199773,21.6130206904059,38.9256168502179,43.138567538614
MYD03.A2024093.1245.061.2024093132739.NRT.hdf,2024-04-02 12:45,61,116612,D,26.5489149796819,60.9064138308822,38.8973207008085,-13.1926498128199,27.0160288115088,-0.450655608233915,-13.4926111401694,25.367393029026,42.8260675981186,38.8862622190527,55.162832289678,61.2504567663458
MYD03.A2024093.1250.061.2024093132838.NRT.hdf,2024-04-02 12:50,61,116612,D,29.6827133080629,78.8484381405346,55.2088538594616,-41.2860577307485,26.1815416518824,-13.1286077249787,-41.7515337008415,29.8972153419019,60.8108269187038,55.2036005152531,67.9402963059587,79.0865371461765
MYD03.A2024093.1255.061.2024093150203.NRT.hdf,2024-04-02 12:55,61,116612,D,180,89.9930010536644,68.2034315067612,-180,31.4559266278388,-41.1185016401712,-93.6250673579963,178.865909075651,78.5213130056795,68.2027588997082,69.7629648935726,82.452256012614
MYD03.A2024093.1300.061.2024093150551.NRT.hdf,2024-04-02 13:00,61,116612,B,-93.770486439318,83.2578602863361,58.8491817658828,177.482412494684,174.946873749925,-93.768447745519,-127.892479805136,-171.899462760073,82.8366985944595,70.0881729462389,58.5905668136868,64.8082234789612
MYD03.A2024093.1305.061.2024093150542.NRT.hdf,2024-04-02 13:05,61,116612,N,-128.522874902791,65.3192428193408,43.0675458975956,-172.596349816441,-172.648906230509,-128.509601030789,-143.077388768719,-172.596522562613,65.2956049700632,58.9050034912161,42.9312621139881,46.9738430953624
MYD03.A2024093.1310.061.2024093150540.NRT.hdf,2024-04-02 13:10,61,116612,N,-143.524660359196,47.3966141038595,25.9748879428105,-174.71328834407,-172.901852160531,-143.521319940185,-151.284931165236,-174.735344064518,47.4165391131968,43.1333057738396,25.8953106682435,29.1186329964644
MYD03.A2024093.1315.061.2024093150406.NRT.hdf,2024-04-02 13:15,61,116612,N,-151.622755368223,29.4418660603929,8.35569584797188,-177.648572163013,-174.888588768937,-151.617608457204,-156.712456807235,-177.6704317882,29.4708699967345,26.0451568743594,8.32321178378335,11.2903625553111
MYD03.A2024093.1320.061.2024093150342.NRT.hdf,2024-04-02 13:20,61,116612,N,-156.88899246768,11.4855119004322,-9.49975078726023,178.545078056245,-177.742909294149,-156.882590520104,-160.715502526929,178.539025624534,11.5161250481705,8.42518488452783,-9.51178907235657,-6.44278156203605
MYD03.A2024093.1325.061.2024093150358.NRT.hdf,2024-04-02 13:25,61,116612,N,-160.724285499198,-6.3694888385393,-27.4287486401376,173.389034181178,178.51847969357,-160.551267888507,-163.666604751059,173.381911163109,-6.34560779472099,-9.44664554738976,-27.5748254307515,-24.0469754679168
MYD03.A2024093.1330.061.2024093150357.NRT.hdf,2024-04-02 13:30,61,116612,N,-163.637302538273,-23.9776410793434,-45.3374658378301,165.6392206067,173.408928307691,-163.285842058825,-165.756066257249,165.57326348393,-23.9631602279959,-27.3766836157886,-45.6083886682227,-41.1152460781673
MYD03.A2024093.1335.061.2024093150434.NRT.hdf,2024-04-02 13:35,61,116612,N,-165.717837025631,-41.0614625578655,-63.2750829780227,151.61645348664,165.673953052146,-165.146626875639,-166.341201978103,151.376095250261,-41.0514635379491,-45.2670448100064,-63.6213933778764,-56.9753058798462
MYD03.A2024093.1340.061.2024093150650.NRT.hdf,2024-04-02 13:40,61,116612,N,-158.444280880956,-57.0005320735788,-81.1342920370495,120.404089141929,151.694695768003,-165.429146875107,-157.931440401494,120.044368333389,-56.9960783913695,-63.1467112602283,-81.255835037063,-68.7331615312228
MYD03.A2024093.1345.061.2024093151141.NRT.hdf,2024-04-02 13:45,61,116612,N,180,-68.9554995209756,-89.9859390620677,-180,120.594518555613,-156.632936237132,-11.391752296263,68.6514504456924,-68.9888776243411,-80.661721143611,-80.2641518576859,-68.6334810513871
MYD03.A2024093.1350.061.2024093150712.NRT.hdf,2024-04-02 13:50,61,116612,B,68.4049131611883,-56.9784244609181,-81.0570968612229,-12.3294356009397,68.40692399174,-14.2724892117954,-4.70961698915346,37.8014109195861,-68.9847368248681,-80.687731321133,-62.681049982762,-56.7352683590941
MYD03.A2024093.1355.061.2024093150443.NRT.hdf,2024-04-02 13:55,61,116612,D,37.1915715419337,-41.1126358033423,-63.195933888427,-5.40294500714369,37.1929579827981,-5.24288151978982,-5.40571307032934,23.7768701822137,-57.0426471679911,-63.1733277565058,-44.9224992581079,-40.952525222362
MYD03.A2024093.1400.061.2024093150410.NRT.hdf,2024-04-02 14:00,61,116612,D,23.2342333863171,-24.0293919287176,-45.3426833298424,-7.4801500917098,23.2373885832376,-5.56943280855363,-7.50271053542574,15.8803039733642,-41.1841329041001,-45.3617733482235,-27.1193653157135,-23.9327710272908
MYD03.A2024093.1405.061.2024093150405.NRT.hdf,2024-04-02 14:05,61,116612,D,15.4522048972163,-6.41279621040034,-27.42892794152,-10.39873697138,15.4590919118177,-7.5368009901305,-10.4193232978161,10.5514905654618,-24.0993412911149,-27.4529859635437,-9.30976419261208,-6.37103805183262
MYD03.A2024093.1410.061.2024093150415.NRT.hdf,2024-04-02 14:10,61,116612,D,10.3087207587176,11.4479402785379,-9.49233523196005,-14.230561612871,10.3149299419322,-10.3907379606707,-14.2436009365689,6.58278456773295,-6.48516682305425,-9.51138659441069,8.4374191148333,11.4853844985487
MYD03.A2024093.1415.061.2024093150413.NRT.hdf,2024-04-02 14:15,61,116613,D,6.48585231650539,29.4112672725075,8.36880079529283,-19.5043774044678,6.58608581603264,-14.2205928618625,-19.5805157142513,3.5218178455473,11.3883992981039,8.35047256334125,26.0456989880566,29.568502211814
MYD03.A2024093.1420.061.2024093150421.NRT.hdf,2024-04-02 14:20,61,116613,D,3.55172783329179,47.3727610441689,25.9941044658815,-27.6053154687018,3.84156620686302,-19.4820913466335,-27.7853363415269,1.39099912490979,29.3538474184488,25.9794214785621,43.102215905312,47.6499276092549
MYD03.A2024093.1425.061.2024093150425.NRT.hdf,2024-04-02 14:25,61,116613,D,1.43106587777572,65.3876632131006,43.0895263564489,-42.7897582366146,1.95590485507463,-27.5700058793251,-43.1427307036648,0.811716744289281,47.3056816723143,43.0800412435484,58.8447107115527,65.7341960768593
MYD03.A2024093.1430.061.2024093162820.NRT.hdf,2024-04-02 14:30,61,116613,D,11.5223191014618,83.3317444629015,58.9234838781303,-77.6872222007958,1.74311929935075,-42.7096510466761,-77.983196934431,12.3845955639013,65.2655967265679,58.9196824452751,69.8266731777141,83.4165345019638
MYD03.A2024093.1435.061.2024093164231.NRT.hdf,2024-04-02 14:35,61,116613,B,180,89.9922514668429,68.101126179046,-180,14.1073721728079,-77.4835257257237,-129.647892424615,159.782596895052,82.8088191141678,70.1025759484579,67.769743212375,78.109555389392
MYD03.A2024093.1440.061.2024093163812.NRT.hdf,2024-04-02 14:40,61,116613,N,-130.046006772574,78.7744616323187,55.1087144474478,159.228906944621,157.665436441434,-130.044010696762,-157.475242583972,163.494593213095,78.5548981207274,68.1372902853197,54.8970872419941,60.3557975262368
MYD03.A2024093.1445.061.2024093163751.NRT.hdf,2024-04-02 14:45,61,116613,N,-158.040525028112,60.8390933822898,38.8734092931114,162.281858250019,162.910493663691,-158.039214133266,-170.198944579183,162.273465597747,60.836720357584,55.1728553452398,38.7460994181713,42.5151859121048
MYD03.A2024093.1450.061.2024093163542.NRT.hdf,2024-04-02 14:50,61,116613,N,-170.64441941774,42.912353128229,21.6052213275375,159.940996558713,162.019410326934,-170.640529360115,-177.514486406523,159.917210737998,42.9353379811615,38.9398408673062,21.5390357837031,24.6571604906356
MYD03.A2024093.1455.061.2024093163544.NRT.hdf,2024-04-02 14:55,61,116613,N,-177.814101773793,24.9508422294314,3.90716804043876,156.807523102115,159.787690377583,-177.808623868484,177.49537737278,156.788420896205,24.9809203822156,21.6758306348677,3.88386172673125,6.84594057148261
MYD03.A2024093.1500.061.2024093163533.NRT.hdf,2024-04-02 15:00,61,116613,N,177.359955981826,7.00777896929326,-13.9794251299023,152.727581016302,156.730549352831,177.400868430642,173.774690838309,152.721930593753,7.03754331676465,3.9713971883398,-14.0243995292551,-10.8754525638887
MYD03.A2024093.1505.061.2024093163532.NRT.hdf,2024-04-02 15:05,61,116613,N,173.782872358642,-10.802137205216,-31.9104014886217,147.090101722848,152.722836043119,174.000574739022,171.03715926915,147.082940254746,-10.7821317239661,-13.9281394364254,-32.0890762969236,-28.3828897784779
MYD03.A2024093.1510.061.2024093163548.NRT.hdf,2024-04-02 15:10,61,116613,N,171.071561764099,-28.3139348297973,-49.8032719115503,138.290446795732,147.113265114191,171.470961245693,169.209153696727,138.194824452878,-28.3006688108549,-31.8555359470271,-50.1022862834421,-45.2318100543913
MYD03.A2024093.1515.061.2024093163714.NRT.hdf,2024-04-02 15:15,61,116613,N,169.422631895099,-45.1893381055237,-67.7390603279177,121.441701202054,138.332384607569,169.885257762655,169.40630885078,121.149788584742,-45.180621928133,-49.7263313201047,-68.0747819784748,-60.4986224665816
MYD03.A2024093.1520.061.2024093163948.NRT.hdf,2024-04-02 15:20,61,116613,N,-170.055559607307,-60.5584354837266,-85.5985953968932,83.2937931578326,121.540558290291,170.385811678366,-167.731145578497,83.0732708274742,-60.5553354670198,-67.5716586736113,-85.3666381909643,-70.1612780940919
MYD03.A2024093.1525.061.2024093164419.NRT.hdf,2024-04-02 15:25,61,116613,B,180,-66.6639915349181,-89.9855448726093,-180,83.5144310099692,-166.967661806867,-32.3545266566493,33.6557387132241,-70.4924763140096,-84.7120573695045,-75.9091316386042,-66.3789202787074
MYD03.A2024093.1530.061.2024093163838.NRT.hdf,2024-04-02 15:30,61,116613,D,33.2797143286128,-53.2071615012139,-76.5932964252954,-32.8007288718944,33.2816217896778,-33.9115116525273,-29.3405580907776,8.65877167920753,-66.7094051267916,-76.3877002396429,-58.2479995519167,-52.9827492449464
MYD03.A2024093.1535.061.2024093163619.NRT.hdf,2024-04-02 15:35,61,116613,D,8.03838844220347,-36.9157275050095,-58.7334005806339,-30.5193710978852,8.03963190580758,-29.7390841975063,-30.5297230415531,-3.25043725233484,-53.2742046773893,-58.7346785157945,-40.4767254266735,-36.7741655268162
MYD03.A2024093.1540.061.2024093163606.NRT.hdf,2024-04-02 15:40,61,116613,D,-3.76135392816808,-19.6596786968733,-40.8722688451574,-32.8222674844888,-3.75766266624779,-30.6488240754042,-32.8460417736698,-10.3051471007843,-36.9876733877917,-40.8930640450341,-22.6670704924763,-19.5801102963165
MYD03.A2024093.1545.061.2024093163611.NRT.hdf,2024-04-02 15:45,61,116613,D,-10.680811624787,-1.96553305718159,-22.9459144444992,-35.9465740592525,-10.6754542145532,-32.8594406847395,-35.9635151007753,-15.2125604189995,-19.729954429855,-22.9680819243926,-4.8701544008605,-1.93123236263493
MYD03.A2024093.1550.061.2024093163623.NRT.hdf,2024-04-02 15:50,61,116613,D,-15.4291248234127,15.9323188192267,-5.0175023443079,-40.0676662664395,-15.4226915236814,-35.9372806584041,-40.0948557451509,-18.9615728799738,-2.03794255066821,-5.03633693206673,12.8680111508665,15.9964718173554
MYD03.A2024093.1555.061.2024093163620.NRT.hdf,2024-04-02 15:55,61,116614,D,-18.9973601410176,33.9028056094629,12.8026485722906,-45.8623791331968,-18.8551326366208,-40.0563710908043,-45.9595003620686,-21.77549754189,15.8752418134205,12.7858703529196,30.3772092981751,34.0927016246729
MYD03.A2024093.1600.061.2024093181238.NRT.hdf,2024-04-02 16:00,61,116614,D,-21.7403799751929,51.852653140465,30.3326028483476,-55.1184398732362,-21.4062223716109,-45.8371950191094,-55.339057853078,-23.6518339407248,33.8433048074554,30.3196046235963,47.2049198158742,52.1567334244055
MYD03.A2024093.1605.061.2024093181300.NRT.hdf,2024-04-02 16:05,61,116614,D,-23.3855151151976,69.8703232914998,47.2083560129883,-73.5602327294592,-23.0304580735072,-55.0792065273576,-73.9569339975313,-23.4002072010238,51.7801169803393,47.2003283704355,62.278052031987,70.206778711825
MYD03.A2024093.1610.061.2024093182525.NRT.hdf,2024-04-02 16:10,61,116614,D,13.3702078880132,87.8148712576481,62.3955383263044,-115.80009979563,-22.2885422354902,-73.4572312307048,-115.902456219582,19.2174903904039,69.708795007122,62.3925606242317,70.8203746432042,87.2094137619435
MYD03.A2024093.1615.061.2024093182553.NRT.hdf,2024-04-02 16:15,61,116614,B,180,89.9897567133812,65.4521926298929,-180,16.5901559702504,-115.575871139004,-163.702826900798,137.327042315947,86.5843355170788,71.1516762444876,65.154018279635,73.6971954506725
MYD03.A2024093.1620.061.2024093182242.NRT.hdf,2024-04-02 16:20,61,116614,N,-164.208045486368,74.2910196208697,51.2154366460054,137.040190268053,135.948138013496,-164.206206188044,173.814235743398,138.675373164536,74.1676377657309,65.4982941583797,51.0267730149191,55.9011089507943
MYD03.A2024093.1625.061.2024093181952.NRT.hdf,2024-04-02 16:25,61,116614,N,173.266462642923,56.3615263966744,34.6205418464727,137.090254267181,138.211773909429,173.268416006731,162.955290972818,137.076100465984,56.3726472038824,51.2815405911411,34.5105736415433,38.0518360800383
MYD03.A2024093.1630.061.2024093181949.NRT.hdf,2024-04-02 16:30,61,116614,N,162.546432882733,38.4254948337263,17.2104091383916,134.545631608793,136.863191997893,162.550811305546,156.393012684408,134.521431498398,38.4509000612067,34.6876217079139,17.1564287022114,20.1988844463881
MYD03.A2024093.1635.061.2024093181919.NRT.hdf,2024-04-02 16:35,61,116614,N,156.131992851193,20.4614792349293,-0.551667689001059,131.204203402116,134.411870202351,156.137813348645,151.777401200559,131.189009502483,20.4922080545229,17.2812656726001,-0.566835070438495,2.41067678331444
MYD03.A2024093.1640.061.2024093181939.NRT.hdf,2024-04-02 16:40,61,116614,N,151.683683085402,2.53837148896387,-18.4607885903749,126.821207333377,131.148904939872,151.769518505717,148.328479563869,126.814603682764,2.56618793582424,-0.493216253910837,-18.5396155538934,-15.2899281484747
MYD03.A2024093.1645.061.2024093181945.NRT.hdf,2024-04-02 16:45,61,116614,N,148.342679155069,-15.2169167316305,-36.3885043326805,120.606545298991,126.83372925244,148.601989920196,145.791217023058,120.597460481068,-15.2011139263599,-18.4096820533167,-36.5995934684845,-32.6810487834896
MYD03.A2024093.1650.061.2024093181938.NRT.hdf,2024-04-02 16:50,61,116614,N,145.8297900742,-32.6128188767775,-54.2619961016622,110.49339636016,120.633122402809,146.282188969068,144.279550090791,110.361126107007,-32.6007102043127,-36.3297917419309,-54.5866327265624,-49.2562647171156
MYD03.A2024093.1655.061.2024093182124.NRT.hdf,2024-04-02 16:55,61,116614,N,145.539367461668,-49.2290390432874,-72.2030471489599,89.9459153312969,110.544370329846,144.951803817883,145.567724564341,89.6104210093786,-49.2217026760786,-54.1781844223328,-72.5141598258646,-63.7217544105198
MYD03.A2024093.1700.061.2024093182536.NRT.hdf,2024-04-02 17:00,61,116614,N,180,-63.8246226003564,-89.987079576644,-180,90.0783467067327,146.724616507737,-122.964769719549,44.9216333438967,-63.8198295491227,-71.982387399855,-87.526909358921,-70.6367521434645
MYD03.A2024093.1705.061.2024093182606.NRT.hdf,2024-04-02 17:05,61,116614,B,45.1252519607823,-63.8092568001224,-89.9832510414705,-135.01317671087,45.1269264864524,-135.087769690063,-55.2781882581133,0.586808370248848,-71.0195825485577,-87.1650892361155,-71.5189140775567,-63.5426880890053
MYD03.A2024093.1710.061.2024093182152.NRT.hdf,2024-04-02 17:10,61,116614,D,0.111196174177174,-49.2839748808424,-72.1292045192366,-55.5236068140129,0.11293203878655,-56.3055586196982,-54.1620103101069,-19.7499739268062,-63.8636179213932,-72.0119351871658,-53.8120633380376,-49.082464416175
MYD03.A2024093.1715.061.2024093182016.NRT.hdf,2024-04-02 17:15,61,116614,D,-20.3527015365539,-32.6635721506003,-54.2730765268946,-55.7030756103943,-20.3508836109272,-54.4611816826023,-55.7186801123656,-30.0007872487411,-49.3524472593282,-54.2862786541098,-36.0277387532195,-32.5392471604204
MYD03.A2024093.1720.061.2024093182005.NRT.hdf,2024-04-02 17:20,61,116614,D,-30.4785127189727,-15.2676257049487,-36.3969354762811,-58.2049163938816,-30.4743327804753,-55.7969555759397,-58.2334871854164,-36.3652910943529,-32.735854592475,-36.4185853352778,-18.2151425198518,-15.2010242709934
MYD03.A2024093.1725.061.2024093181952.NRT.hdf,2024-04-02 17:25,61,116614,D,-36.7029127478604,2.49428712963401,-18.4617068979122,-61.5550753123267,-36.6972390629563,-58.2338641955588,-61.5678460420219,-40.9207241796877,-15.3379069957198,-18.4829139222318,-0.436086183692766,2.51971704458056
MYD03.A2024093.1730.061.2024093182010.NRT.hdf,2024-04-02 17:30,61,116615,D,-41.0953201584751,20.4194417882344,-0.549045874761776,-66.0064872512634,-41.087791738243,-61.5447067181864,-66.0465755980272,-44.4558837374328,2.42191226112039,-0.567334534098342,17.2805115415412,20.5125182329081
MYD03.A2024093.1735.061.2024093182025.NRT.hdf,2024-04-02 17:35,61,116615,D,-44.4396351617641,38.3912511952858,17.2184584709112,-72.4251592224915,-44.2516004552552,-65.9933319380823,-72.5451058676467,-47.0266527716359,20.3640046710118,17.2024851158175,34.6671763312343,38.6118569196003
MYD03.A2024093.1740.061.2024093182018.NRT.hdf,2024-04-02 17:40,61,116615,D,-46.9872752619767,56.3273147712142,34.6308535541552,-83.1493823712293,-46.5983570568485,-72.3958752569521,-83.4104235814993,-48.5841631662621,38.3291235028716,34.6189805474035,51.205024963479,56.6552412326224
MYD03.A2024093.1745.061.2024093194715.NRT.hdf,2024-04-02 17:45,61,116615,D,-47.0936259216034,74.3512200976969,51.228867856008,-105.855213125575,-47.954028070626,-83.0976256369947,-106.282772698321,-47.0501734517195,56.2486501483836,51.2223304397326,65.3548176558715,74.6621686408843
MYD03.A2024093.1750.061.2024093195842.NRT.hdf,2024-04-02 17:50,61,116615,D,180,89.9940035540455,65.5222845274828,-180,-45.5719527200921,-105.718210828782,-154.463500971329,83.6003917362705,74.1305917484534,65.5181266039692,70.785631238386,86.4988926769812
MYD03.A2024093.1755.061.2024093195549.NRT.hdf,2024-04-02 17:55,61,116615,B,-154.394048152573,87.7551632446133,62.3176343391946,77.3877624692025,73.2384677222983,-154.3921772039,164.103171704071,113.63323120147,86.6135997756969,71.142233802377,62.0477869034574,69.26680693705
MYD03.A2024093.1800.061.2024093195419.NRT.hdf,2024-04-02 18:00,61,116615,N,163.540145108224,69.8125296992163,47.1971369698539,113.468141133134,112.678353990309,163.541794927322,145.767256893556,113.73489219628,69.7476465837382,62.3709692478638,47.0303802057411,51.4488946498081
MYD03.A2024093.1805.061.2024093195217.NRT.hdf,2024-04-02 18:05,61,116615,N,145.247592429123,51.8909284448979,30.3265419147979,111.855065539114,113.351009202535,145.250218419563,136.364089913162,111.829395746099,51.9058201282437,47.2645792949123,30.2320666424142,33.5963147678614
MYD03.A2024093.1810.061.2024093195248.NRT.hdf,2024-04-02 18:10,61,116615,N,135.991395510522,33.9419762182917,12.8013794375391,109.099582602751,111.639951179615,135.996208454592,130.420793185005,109.076168454839,33.9689453024487,30.3941750235192,12.758501564509,15.7521771085884
MYD03.A2024093.1815.061.2024093195233.NRT.hdf,2024-04-02 18:15,61,116615,N,130.198880013164,15.9819268546981,-5.01196176542781,105.537018487936,108.985862219075,130.204986669124,126.129461642021,105.527065813422,16.0128748674833,12.8724778963851,-5.02004806456666,-2.00728921610992
MYD03.A2024093.1820.061.2024093195239.NRT.hdf,2024-04-02 18:20,61,116615,N,126.078325355128,-1.91334836732241,-22.9343478802801,100.795350653673,105.493539250129,126.201006091071,122.928121724031,100.788493624883,-1.88654999339578,-4.95679753464627,-23.0472583992251,-19.6725093735126
MYD03.A2024093.1825.061.2024093195203.NRT.hdf,2024-04-02 18:25,61,116615,N,122.947877612794,-19.5994397420945,-40.8551996385188,93.8920475843468,100.810377988039,123.26167894425,120.613430730257,93.8545102282572,-19.5831078076734,-22.8834202663293,-41.0956018594585,-36.9166925846545
MYD03.A2024093.1830.061.2024093195212.NRT.hdf,2024-04-02 18:30,61,116615,N,120.654898736917,-36.8571630227923,-58.71424927657,82.1249888814265,93.9238653409181,121.1547337768,119.491436966669,81.9366323332985,-36.8459983198143,-40.7915246528168,-59.0544150577994,-53.1519560805372
MYD03.A2024093.1835.061.2024093195430.NRT.hdf,2024-04-02 18:35,61,116615,N,122.662777613161,-53.1493888385654,-76.5710728937158,56.9851266036288,82.1875689133768,120.187397369946,122.800890114262,56.6221153721913,-53.143535138266,-58.6162092737414,-76.8290198110853,-66.4697582137915
MYD03.A2024093.1840.061.2024093195914.NRT.hdf,2024-04-02 18:40,61,116615,N,180,-66.6327413539363,-89.9884162795714,-180,57.1493207602698,124.287924955713,-96.4302083809219,6.82482054861342,-66.6287707376426,-76.2637796595205,-84.4771075622607,-70.1018873288184
MYD03.A2024093.1845.061.2024093195636.NRT.hdf,2024-04-02 18:45,61,116615,B,6.77813589791526,-60.5486534192465,-85.5302444543836,-99.2889372414515,6.78008790122415,-102.683392087773,-79.131318248253,-30.7762767217004,-70.4635293586154,-84.7484297603795,-67.1149839386944,-60.2744387879497
MYD03.A2024093.1850.061.2024093195333.NRT.hdf,2024-04-02 18:50,61,116615,D,-31.3768050564124,-45.2510273772883,-67.6701405795679,-79.2747260888518,-31.3752513510672,-79.850191141801,-79.107627464529,-47.5822967191323,-60.6091126781645,-67.6095357026385,-49.3765235355672,-45.0714253526792
MYD03.A2024093.1855.061.2024093195253.NRT.hdf,2024-04-02 18:55,61,116615,D,-48.1581152471317,-28.370935457002,-49.8177219901398,-80.9397194158776,-48.1555963495997,-79.334244943496,-80.9596063416535,-56.5258605740844,-45.3203547040678,-49.8344215181029,-31.5805084639792,-28.2623210349895
MYD03.A2024093.1900.061.2024093195233.NRT.hdf,2024-04-02 19:00,61,116615,D,-56.9709303024881,-10.8581147471356,-31.9213945724004,-83.6522964643811,-56.9662335612542,-81.0144898838951,-83.6749567118756,-62.3194934530827,-28.4432861417487,-31.9439538827388,-13.768409209376,-10.8028612738948
MYD03.A2024093.1905.061.2024093195232.NRT.hdf,2024-04-02 19:05,61,116615,D,-62.6219820566533,6.96085132187203,-13.9826272026054,-87.2291399797216,-62.6152816809243,-83.6574597408853,-87.2365007027852,-66.571416828558,-10.9281672419261,-14.0033064937005,3.98823925036616,6.97814007356363
MYD03.A2024093.1910.061.2024093195235.NRT.hdf,2024-04-02 19:10,61,116616,D,-66.7004348109707,24.9069646516944,3.90862839048399,-92.0565754900212,-66.6460767034159,-87.2172348657261,-92.1140473241778,-69.8559037356948,6.89437651849125,3.89062973742866,21.6698158332265,25.0328984125387
MYD03.A2024093.1915.061.2024093195255.NRT.hdf,2024-04-02 19:15,61,116616,D,-69.8345720229077,42.876745226171,21.6127836049044,-99.2144113866434,-69.6054388527921,-92.0410897120722,-99.3771307303094,-72.2277734563961,24.8518324112187,21.597793697805,38.90904166227,43.1263807536885
